distance_matrix = 1F66_C:26-119	0
3WA9_C:29-122	0.0	0
4CAY_A:9-102	0.0	0.0	0
5FUG_A:8-101	0.0	0.0	0.0	0
3WAA_C:29-122	0.008403361344537785	0.008403361344537785	0.008403361344537785	0.008403361344537785	0
1U35_C:23-114	0.3697478991596639	0.3697478991596639	0.3697478991596639	0.3697478991596639	0.3697478991596639	0
7KBD_C:1-118	0.5378151260504201	0.5378151260504201	0.5378151260504201	0.5378151260504201	0.5378151260504201	0.4873949579831933	0
6M2M_A:12-92	0.3529411764705882	0.3529411764705882	0.3529411764705882	0.3529411764705882	0.3529411764705882	0.32773109243697474	0.4789915966386554	0
7BP2_A:12-92	0.3529411764705882	0.3529411764705882	0.3529411764705882	0.3529411764705882	0.3529411764705882	0.32773109243697474	0.4789915966386554	0.0	0
7DLX_A:120-208	0.32773109243697474	0.32773109243697474	0.32773109243697474	0.32773109243697474	0.32773109243697474	0.31092436974789917	0.39495798319327735	0.24369747899159666	0.24369747899159666	0
6UPH_C:16-133	0.5378151260504201	0.5378151260504201	0.5378151260504201	0.5378151260504201	0.5378151260504201	0.45378151260504207	0.26050420168067223	0.46218487394957986	0.46218487394957986	0.2941176470588235	0
4KUD_C:25-119	0.33613445378151263	0.33613445378151263	0.33613445378151263	0.33613445378151263	0.33613445378151263	0.26890756302521013	0.38655462184873945	0.26890756302521013	0.26890756302521013	0.09243697478991597	0.2016806722689075	0
4WNN_A:25-119	0.33613445378151263	0.33613445378151263	0.33613445378151263	0.33613445378151263	0.33613445378151263	0.26890756302521013	0.38655462184873945	0.26890756302521013	0.26890756302521013	0.09243697478991597	0.2016806722689075	0.0	0
7ON1_c:27-121	0.33613445378151263	0.33613445378151263	0.33613445378151263	0.33613445378151263	0.33613445378151263	0.26890756302521013	0.38655462184873945	0.26890756302521013	0.26890756302521013	0.09243697478991597	0.2016806722689075	0.0	0.0	0
4JJN_C:24-118	0.33613445378151263	0.33613445378151263	0.33613445378151263	0.33613445378151263	0.33613445378151263	0.26890756302521013	0.38655462184873945	0.26890756302521013	0.26890756302521013	0.09243697478991597	0.2016806722689075	0.0	0.0	0.0	0
1ID3_C:24-118	0.33613445378151263	0.33613445378151263	0.33613445378151263	0.33613445378151263	0.33613445378151263	0.26890756302521013	0.38655462184873945	0.26890756302521013	0.26890756302521013	0.09243697478991597	0.2016806722689075	0.0	0.0	0.0	0.0	0
6QLD_g:9-103	0.33613445378151263	0.33613445378151263	0.33613445378151263	0.33613445378151263	0.33613445378151263	0.26890756302521013	0.38655462184873945	0.26890756302521013	0.26890756302521013	0.09243697478991597	0.2016806722689075	0.0	0.0	0.0	0.0	0.0	0
5BT1_C:36-130	0.33613445378151263	0.33613445378151263	0.33613445378151263	0.33613445378151263	0.33613445378151263	0.26890756302521013	0.38655462184873945	0.26890756302521013	0.26890756302521013	0.09243697478991597	0.2016806722689075	0.0	0.0	0.0	0.0	0.0	0.0	0
6QLD_i:9-102	0.32773109243697474	0.32773109243697474	0.32773109243697474	0.32773109243697474	0.32773109243697474	0.26050420168067223	0.39495798319327735	0.26050420168067223	0.26050420168067223	0.08403361344537819	0.2100840336134454	0.008403361344537785	0.008403361344537785	0.008403361344537785	0.008403361344537785	0.008403361344537785	0.008403361344537785	0.008403361344537785	0
6K00_D:111-205	0.31092436974789917	0.31092436974789917	0.31092436974789917	0.31092436974789917	0.31092436974789917	0.25210084033613445	0.3613445378151261	0.2184873949579832	0.2184873949579832	0.18487394957983194	0.31932773109243695	0.134453781512605	0.134453781512605	0.134453781512605	0.134453781512605	0.134453781512605	0.134453781512605	0.134453781512605	0.1428571428571429	0
6DZT_C:23-117	0.3025210084033614	0.3025210084033614	0.3025210084033614	0.3025210084033614	0.3025210084033614	0.26890756302521013	0.3613445378151261	0.2184873949579832	0.2184873949579832	0.17647058823529416	0.31092436974789917	0.12605042016806722	0.12605042016806722	0.12605042016806722	0.12605042016806722	0.12605042016806722	0.12605042016806722	0.12605042016806722	0.134453781512605	0.05882352941176472	0
2NQB_C:22-116	0.3025210084033614	0.3025210084033614	0.3025210084033614	0.3025210084033614	0.3025210084033614	0.26890756302521013	0.3613445378151261	0.2184873949579832	0.2184873949579832	0.17647058823529416	0.31092436974789917	0.12605042016806722	0.12605042016806722	0.12605042016806722	0.12605042016806722	0.12605042016806722	0.12605042016806722	0.12605042016806722	0.134453781512605	0.05882352941176472	0.0	0
5WCU_C:9-103	0.3025210084033614	0.3025210084033614	0.3025210084033614	0.3025210084033614	0.3025210084033614	0.26890756302521013	0.3613445378151261	0.2184873949579832	0.2184873949579832	0.17647058823529416	0.31092436974789917	0.12605042016806722	0.12605042016806722	0.12605042016806722	0.12605042016806722	0.12605042016806722	0.12605042016806722	0.12605042016806722	0.134453781512605	0.05882352941176472	0.0	0.0	0
2PYO_C:22-116	0.3025210084033614	0.3025210084033614	0.3025210084033614	0.3025210084033614	0.3025210084033614	0.26890756302521013	0.3613445378151261	0.2184873949579832	0.2184873949579832	0.17647058823529416	0.31092436974789917	0.12605042016806722	0.12605042016806722	0.12605042016806722	0.12605042016806722	0.12605042016806722	0.12605042016806722	0.12605042016806722	0.134453781512605	0.05882352941176472	0.0	0.0	0.0	0
4X23_C:8-102	0.3025210084033614	0.3025210084033614	0.3025210084033614	0.3025210084033614	0.3025210084033614	0.26890756302521013	0.3613445378151261	0.2184873949579832	0.2184873949579832	0.17647058823529416	0.31092436974789917	0.12605042016806722	0.12605042016806722	0.12605042016806722	0.12605042016806722	0.12605042016806722	0.12605042016806722	0.12605042016806722	0.134453781512605	0.05882352941176472	0.0	0.0	0.0	0.0	0
3X1T_C:23-117	0.2941176470588235	0.2941176470588235	0.2941176470588235	0.2941176470588235	0.2941176470588235	0.25210084033613445	0.3697478991596639	0.23529411764705888	0.23529411764705888	0.134453781512605	0.2941176470588235	0.10084033613445376	0.10084033613445376	0.10084033613445376	0.10084033613445376	0.10084033613445376	0.10084033613445376	0.10084033613445376	0.10924369747899154	0.07563025210084029	0.07563025210084029	0.07563025210084029	0.07563025210084029	0.07563025210084029	0.07563025210084029	0
5GSU_C:1-117	0.4789915966386554	0.4789915966386554	0.4789915966386554	0.4789915966386554	0.4789915966386554	0.4285714285714286	0.26050420168067223	0.4201680672268907	0.4201680672268907	0.3445378151260504	0.2016806722689075	0.2941176470588235	0.2941176470588235	0.2941176470588235	0.2941176470588235	0.2941176470588235	0.2941176470588235	0.2941176470588235	0.3025210084033614	0.26890756302521013	0.23529411764705888	0.23529411764705888	0.23529411764705888	0.23529411764705888	0.23529411764705888	0.24369747899159666	0
5Z23_C:5-121	0.5042016806722689	0.5042016806722689	0.5042016806722689	0.5042016806722689	0.5042016806722689	0.45378151260504207	0.31932773109243695	0.4453781512605042	0.4453781512605042	0.3697478991596639	0.24369747899159666	0.31932773109243695	0.31932773109243695	0.31932773109243695	0.31932773109243695	0.31932773109243695	0.31932773109243695	0.31932773109243695	0.32773109243697474	0.2941176470588235	0.26890756302521013	0.26890756302521013	0.26890756302521013	0.26890756302521013	0.26890756302521013	0.26050420168067223	0.08403361344537819	0
6K1I_C:4-121	0.4957983193277311	0.4957983193277311	0.4957983193277311	0.4957983193277311	0.4957983193277311	0.4285714285714286	0.26890756302521013	0.4201680672268907	0.4201680672268907	0.3529411764705882	0.2016806722689075	0.3025210084033614	0.3025210084033614	0.3025210084033614	0.3025210084033614	0.3025210084033614	0.3025210084033614	0.3025210084033614	0.31092436974789917	0.26890756302521013	0.24369747899159666	0.24369747899159666	0.24369747899159666	0.24369747899159666	0.24369747899159666	0.25210084033613445	0.05882352941176472	0.07563025210084029	0
6K1K_C:4-121	0.4957983193277311	0.4957983193277311	0.4957983193277311	0.4957983193277311	0.4957983193277311	0.4285714285714286	0.26890756302521013	0.4201680672268907	0.4201680672268907	0.3529411764705882	0.2016806722689075	0.3025210084033614	0.3025210084033614	0.3025210084033614	0.3025210084033614	0.3025210084033614	0.3025210084033614	0.3025210084033614	0.31092436974789917	0.26890756302521013	0.24369747899159666	0.24369747899159666	0.24369747899159666	0.24369747899159666	0.24369747899159666	0.25210084033613445	0.05882352941176472	0.07563025210084029	0.0	0
1ZLA_C:1-117	0.5042016806722689	0.5042016806722689	0.5042016806722689	0.5042016806722689	0.5042016806722689	0.4453781512605042	0.2941176470588235	0.4201680672268907	0.4201680672268907	0.3613445378151261	0.24369747899159666	0.31092436974789917	0.31092436974789917	0.31092436974789917	0.31092436974789917	0.31092436974789917	0.31092436974789917	0.31092436974789917	0.31932773109243695	0.2773109243697479	0.26890756302521013	0.26890756302521013	0.26890756302521013	0.26890756302521013	0.26890756302521013	0.26050420168067223	0.08403361344537819	0.07563025210084029	0.08403361344537819	0.08403361344537819	0
6MUO_C:11-105	0.3025210084033614	0.3025210084033614	0.3025210084033614	0.3025210084033614	0.3025210084033614	0.25210084033613445	0.3697478991596639	0.22689075630252098	0.22689075630252098	0.1512605042016807	0.2857142857142857	0.10084033613445376	0.10084033613445376	0.10084033613445376	0.10084033613445376	0.10084033613445376	0.10084033613445376	0.10084033613445376	0.10924369747899154	0.08403361344537819	0.05882352941176472	0.05882352941176472	0.05882352941176472	0.05882352941176472	0.05882352941176472	0.050420168067226934	0.22689075630252098	0.22689075630252098	0.2184873949579832	0.2184873949579832	0.2100840336134454	0
6LTJ_C:1-118	0.5042016806722689	0.5042016806722689	0.5042016806722689	0.5042016806722689	0.5042016806722689	0.4285714285714286	0.26050420168067223	0.4117647058823529	0.4117647058823529	0.3529411764705882	0.2184873949579832	0.3025210084033614	0.3025210084033614	0.3025210084033614	0.3025210084033614	0.3025210084033614	0.3025210084033614	0.3025210084033614	0.31092436974789917	0.26050420168067223	0.25210084033613445	0.25210084033613445	0.25210084033613445	0.25210084033613445	0.25210084033613445	0.26050420168067223	0.07563025210084029	0.07563025210084029	0.050420168067226934	0.050420168067226934	0.03361344537815125	0.2100840336134454	0
6W4L_A:105-186	0.3529411764705882	0.3529411764705882	0.3529411764705882	0.3529411764705882	0.3529411764705882	0.3025210084033614	0.45378151260504207	0.10924369747899154	0.10924369747899154	0.16806722689075626	0.37815126050420167	0.19327731092436973	0.19327731092436973	0.19327731092436973	0.19327731092436973	0.19327731092436973	0.19327731092436973	0.19327731092436973	0.18487394957983194	0.16806722689075626	0.15966386554621848	0.15966386554621848	0.15966386554621848	0.15966386554621848	0.15966386554621848	0.16806722689075626	0.32773109243697474	0.3445378151260504	0.31932773109243695	0.31932773109243695	0.31932773109243695	0.12605042016806722	0.3025210084033614	0
5OMX_C:1-117	0.4957983193277311	0.4957983193277311	0.4957983193277311	0.4957983193277311	0.4957983193277311	0.4285714285714286	0.2857142857142857	0.40336134453781514	0.40336134453781514	0.3529411764705882	0.23529411764705888	0.3025210084033614	0.3025210084033614	0.3025210084033614	0.3025210084033614	0.3025210084033614	0.3025210084033614	0.3025210084033614	0.31092436974789917	0.26890756302521013	0.26050420168067223	0.26050420168067223	0.26050420168067223	0.26050420168067223	0.26050420168067223	0.25210084033613445	0.08403361344537819	0.0672268907563025	0.0672268907563025	0.0672268907563025	0.025210084033613467	0.2016806722689075	0.025210084033613467	0.31092436974789917	0
7E8I_C:1-117	0.4957983193277311	0.4957983193277311	0.4957983193277311	0.4957983193277311	0.4957983193277311	0.4285714285714286	0.2773109243697479	0.40336134453781514	0.40336134453781514	0.3445378151260504	0.22689075630252098	0.2941176470588235	0.2941176470588235	0.2941176470588235	0.2941176470588235	0.2941176470588235	0.2941176470588235	0.2941176470588235	0.3025210084033614	0.26050420168067223	0.25210084033613445	0.25210084033613445	0.25210084033613445	0.25210084033613445	0.25210084033613445	0.24369747899159666	0.08403361344537819	0.0672268907563025	0.07563025210084029	0.07563025210084029	0.025210084033613467	0.19327731092436973	0.025210084033613467	0.3025210084033614	0.01680672268907568	0
6G0L_C:1-118	0.5126050420168067	0.5126050420168067	0.5126050420168067	0.5126050420168067	0.5126050420168067	0.4453781512605042	0.2773109243697479	0.4117647058823529	0.4117647058823529	0.3613445378151261	0.22689075630252098	0.31092436974789917	0.31092436974789917	0.31092436974789917	0.31092436974789917	0.31092436974789917	0.31092436974789917	0.31092436974789917	0.31932773109243695	0.2773109243697479	0.26890756302521013	0.26890756302521013	0.26890756302521013	0.26890756302521013	0.26890756302521013	0.26050420168067223	0.09243697478991597	0.07563025210084029	0.0672268907563025	0.0672268907563025	0.03361344537815125	0.2100840336134454	0.01680672268907568	0.31092436974789917	0.025210084033613467	0.025210084033613467	0
4KGC_C:1-118	0.5042016806722689	0.5042016806722689	0.5042016806722689	0.5042016806722689	0.5042016806722689	0.4369747899159664	0.26890756302521013	0.4117647058823529	0.4117647058823529	0.3529411764705882	0.2184873949579832	0.3025210084033614	0.3025210084033614	0.3025210084033614	0.3025210084033614	0.3025210084033614	0.3025210084033614	0.3025210084033614	0.31092436974789917	0.26890756302521013	0.26050420168067223	0.26050420168067223	0.26050420168067223	0.26050420168067223	0.26050420168067223	0.25210084033613445	0.08403361344537819	0.0672268907563025	0.05882352941176472	0.05882352941176472	0.025210084033613467	0.2016806722689075	0.008403361344537785	0.31092436974789917	0.01680672268907568	0.01680672268907568	0.008403361344537785	0
6FTX_C:1-118	0.5042016806722689	0.5042016806722689	0.5042016806722689	0.5042016806722689	0.5042016806722689	0.4369747899159664	0.26890756302521013	0.4117647058823529	0.4117647058823529	0.3529411764705882	0.2184873949579832	0.3025210084033614	0.3025210084033614	0.3025210084033614	0.3025210084033614	0.3025210084033614	0.3025210084033614	0.3025210084033614	0.31092436974789917	0.26890756302521013	0.26050420168067223	0.26050420168067223	0.26050420168067223	0.26050420168067223	0.26050420168067223	0.25210084033613445	0.08403361344537819	0.0672268907563025	0.05882352941176472	0.05882352941176472	0.025210084033613467	0.2016806722689075	0.008403361344537785	0.31092436974789917	0.01680672268907568	0.01680672268907568	0.008403361344537785	0.0	0
6WKR_K:1-118	0.5042016806722689	0.5042016806722689	0.5042016806722689	0.5042016806722689	0.5042016806722689	0.4369747899159664	0.26890756302521013	0.4117647058823529	0.4117647058823529	0.3529411764705882	0.2184873949579832	0.3025210084033614	0.3025210084033614	0.3025210084033614	0.3025210084033614	0.3025210084033614	0.3025210084033614	0.3025210084033614	0.31092436974789917	0.26890756302521013	0.26050420168067223	0.26050420168067223	0.26050420168067223	0.26050420168067223	0.26050420168067223	0.25210084033613445	0.08403361344537819	0.0672268907563025	0.05882352941176472	0.05882352941176472	0.025210084033613467	0.2016806722689075	0.008403361344537785	0.31092436974789917	0.01680672268907568	0.01680672268907568	0.008403361344537785	0.0	0.0	0
6W5I_I:4-120	0.4957983193277311	0.4957983193277311	0.4957983193277311	0.4957983193277311	0.4957983193277311	0.4285714285714286	0.2773109243697479	0.40336134453781514	0.40336134453781514	0.3445378151260504	0.22689075630252098	0.2941176470588235	0.2941176470588235	0.2941176470588235	0.2941176470588235	0.2941176470588235	0.2941176470588235	0.2941176470588235	0.3025210084033614	0.26050420168067223	0.25210084033613445	0.25210084033613445	0.25210084033613445	0.25210084033613445	0.25210084033613445	0.24369747899159666	0.07563025210084029	0.05882352941176472	0.0672268907563025	0.0672268907563025	0.01680672268907568	0.19327731092436973	0.01680672268907568	0.3025210084033614	0.008403361344537785	0.008403361344537785	0.01680672268907568	0.008403361344537785	0.008403361344537785	0.008403361344537785	0
1ZBB_C:1-117	0.4957983193277311	0.4957983193277311	0.4957983193277311	0.4957983193277311	0.4957983193277311	0.4285714285714286	0.2773109243697479	0.40336134453781514	0.40336134453781514	0.3445378151260504	0.22689075630252098	0.2941176470588235	0.2941176470588235	0.2941176470588235	0.2941176470588235	0.2941176470588235	0.2941176470588235	0.2941176470588235	0.3025210084033614	0.26050420168067223	0.25210084033613445	0.25210084033613445	0.25210084033613445	0.25210084033613445	0.25210084033613445	0.24369747899159666	0.07563025210084029	0.05882352941176472	0.0672268907563025	0.0672268907563025	0.01680672268907568	0.19327731092436973	0.01680672268907568	0.3025210084033614	0.008403361344537785	0.008403361344537785	0.01680672268907568	0.008403361344537785	0.008403361344537785	0.008403361344537785	0.0	0
3C1B_C:1-117	0.4957983193277311	0.4957983193277311	0.4957983193277311	0.4957983193277311	0.4957983193277311	0.4285714285714286	0.2773109243697479	0.40336134453781514	0.40336134453781514	0.3445378151260504	0.22689075630252098	0.2941176470588235	0.2941176470588235	0.2941176470588235	0.2941176470588235	0.2941176470588235	0.2941176470588235	0.2941176470588235	0.3025210084033614	0.26050420168067223	0.25210084033613445	0.25210084033613445	0.25210084033613445	0.25210084033613445	0.25210084033613445	0.24369747899159666	0.07563025210084029	0.05882352941176472	0.0672268907563025	0.0672268907563025	0.01680672268907568	0.19327731092436973	0.01680672268907568	0.3025210084033614	0.008403361344537785	0.008403361344537785	0.01680672268907568	0.008403361344537785	0.008403361344537785	0.008403361344537785	0.0	0.0	0
1M18_C:1-117	0.4957983193277311	0.4957983193277311	0.4957983193277311	0.4957983193277311	0.4957983193277311	0.4285714285714286	0.2773109243697479	0.40336134453781514	0.40336134453781514	0.3445378151260504	0.22689075630252098	0.2941176470588235	0.2941176470588235	0.2941176470588235	0.2941176470588235	0.2941176470588235	0.2941176470588235	0.2941176470588235	0.3025210084033614	0.26050420168067223	0.25210084033613445	0.25210084033613445	0.25210084033613445	0.25210084033613445	0.25210084033613445	0.24369747899159666	0.07563025210084029	0.05882352941176472	0.0672268907563025	0.0672268907563025	0.01680672268907568	0.19327731092436973	0.01680672268907568	0.3025210084033614	0.008403361344537785	0.008403361344537785	0.01680672268907568	0.008403361344537785	0.008403361344537785	0.008403361344537785	0.0	0.0	0.0	0
1S32_C:1-117	0.4957983193277311	0.4957983193277311	0.4957983193277311	0.4957983193277311	0.4957983193277311	0.4285714285714286	0.2773109243697479	0.40336134453781514	0.40336134453781514	0.3445378151260504	0.22689075630252098	0.2941176470588235	0.2941176470588235	0.2941176470588235	0.2941176470588235	0.2941176470588235	0.2941176470588235	0.2941176470588235	0.3025210084033614	0.26050420168067223	0.25210084033613445	0.25210084033613445	0.25210084033613445	0.25210084033613445	0.25210084033613445	0.24369747899159666	0.07563025210084029	0.05882352941176472	0.0672268907563025	0.0672268907563025	0.01680672268907568	0.19327731092436973	0.01680672268907568	0.3025210084033614	0.008403361344537785	0.008403361344537785	0.01680672268907568	0.008403361344537785	0.008403361344537785	0.008403361344537785	0.0	0.0	0.0	0.0	0
1KX3_C:1-117	0.4957983193277311	0.4957983193277311	0.4957983193277311	0.4957983193277311	0.4957983193277311	0.4285714285714286	0.2773109243697479	0.40336134453781514	0.40336134453781514	0.3445378151260504	0.22689075630252098	0.2941176470588235	0.2941176470588235	0.2941176470588235	0.2941176470588235	0.2941176470588235	0.2941176470588235	0.2941176470588235	0.3025210084033614	0.26050420168067223	0.25210084033613445	0.25210084033613445	0.25210084033613445	0.25210084033613445	0.25210084033613445	0.24369747899159666	0.07563025210084029	0.05882352941176472	0.0672268907563025	0.0672268907563025	0.01680672268907568	0.19327731092436973	0.01680672268907568	0.3025210084033614	0.008403361344537785	0.008403361344537785	0.01680672268907568	0.008403361344537785	0.008403361344537785	0.008403361344537785	0.0	0.0	0.0	0.0	0.0	0
6JMA_C:10-104	0.31092436974789917	0.31092436974789917	0.31092436974789917	0.31092436974789917	0.31092436974789917	0.24369747899159666	0.3613445378151261	0.2184873949579832	0.2184873949579832	0.15966386554621848	0.2941176470588235	0.10924369747899154	0.10924369747899154	0.10924369747899154	0.10924369747899154	0.10924369747899154	0.10924369747899154	0.10924369747899154	0.11764705882352944	0.07563025210084029	0.0672268907563025	0.0672268907563025	0.0672268907563025	0.0672268907563025	0.0672268907563025	0.05882352941176472	0.23529411764705888	0.23529411764705888	0.22689075630252098	0.22689075630252098	0.2016806722689075	0.008403361344537785	0.2016806722689075	0.11764705882352944	0.19327731092436973	0.18487394957983194	0.2016806722689075	0.19327731092436973	0.19327731092436973	0.19327731092436973	0.18487394957983194	0.18487394957983194	0.18487394957983194	0.18487394957983194	0.18487394957983194	0.18487394957983194	0
6IY2_C:15-109	0.31092436974789917	0.31092436974789917	0.31092436974789917	0.31092436974789917	0.31092436974789917	0.24369747899159666	0.3613445378151261	0.2184873949579832	0.2184873949579832	0.15966386554621848	0.2941176470588235	0.10924369747899154	0.10924369747899154	0.10924369747899154	0.10924369747899154	0.10924369747899154	0.10924369747899154	0.10924369747899154	0.11764705882352944	0.07563025210084029	0.0672268907563025	0.0672268907563025	0.0672268907563025	0.0672268907563025	0.0672268907563025	0.05882352941176472	0.23529411764705888	0.23529411764705888	0.22689075630252098	0.22689075630252098	0.2016806722689075	0.008403361344537785	0.2016806722689075	0.11764705882352944	0.19327731092436973	0.18487394957983194	0.2016806722689075	0.19327731092436973	0.19327731092436973	0.19327731092436973	0.18487394957983194	0.18487394957983194	0.18487394957983194	0.18487394957983194	0.18487394957983194	0.18487394957983194	0.0	0
6R1T_C:14-108	0.31092436974789917	0.31092436974789917	0.31092436974789917	0.31092436974789917	0.31092436974789917	0.24369747899159666	0.3613445378151261	0.2184873949579832	0.2184873949579832	0.15966386554621848	0.2941176470588235	0.10924369747899154	0.10924369747899154	0.10924369747899154	0.10924369747899154	0.10924369747899154	0.10924369747899154	0.10924369747899154	0.11764705882352944	0.07563025210084029	0.0672268907563025	0.0672268907563025	0.0672268907563025	0.0672268907563025	0.0672268907563025	0.05882352941176472	0.23529411764705888	0.23529411764705888	0.22689075630252098	0.22689075630252098	0.2016806722689075	0.008403361344537785	0.2016806722689075	0.11764705882352944	0.19327731092436973	0.18487394957983194	0.2016806722689075	0.19327731092436973	0.19327731092436973	0.19327731092436973	0.18487394957983194	0.18487394957983194	0.18487394957983194	0.18487394957983194	0.18487394957983194	0.18487394957983194	0.0	0.0	0
6FQ5_C:15-109	0.31092436974789917	0.31092436974789917	0.31092436974789917	0.31092436974789917	0.31092436974789917	0.24369747899159666	0.3613445378151261	0.2184873949579832	0.2184873949579832	0.15966386554621848	0.2941176470588235	0.10924369747899154	0.10924369747899154	0.10924369747899154	0.10924369747899154	0.10924369747899154	0.10924369747899154	0.10924369747899154	0.11764705882352944	0.07563025210084029	0.0672268907563025	0.0672268907563025	0.0672268907563025	0.0672268907563025	0.0672268907563025	0.05882352941176472	0.23529411764705888	0.23529411764705888	0.22689075630252098	0.22689075630252098	0.2016806722689075	0.008403361344537785	0.2016806722689075	0.11764705882352944	0.19327731092436973	0.18487394957983194	0.2016806722689075	0.19327731092436973	0.19327731092436973	0.19327731092436973	0.18487394957983194	0.18487394957983194	0.18487394957983194	0.18487394957983194	0.18487394957983194	0.18487394957983194	0.0	0.0	0.0	0
3KWQ_C:10-104	0.31092436974789917	0.31092436974789917	0.31092436974789917	0.31092436974789917	0.31092436974789917	0.24369747899159666	0.3613445378151261	0.2184873949579832	0.2184873949579832	0.15966386554621848	0.2941176470588235	0.10924369747899154	0.10924369747899154	0.10924369747899154	0.10924369747899154	0.10924369747899154	0.10924369747899154	0.10924369747899154	0.11764705882352944	0.07563025210084029	0.0672268907563025	0.0672268907563025	0.0672268907563025	0.0672268907563025	0.0672268907563025	0.05882352941176472	0.23529411764705888	0.23529411764705888	0.22689075630252098	0.22689075630252098	0.2016806722689075	0.008403361344537785	0.2016806722689075	0.11764705882352944	0.19327731092436973	0.18487394957983194	0.2016806722689075	0.19327731092436973	0.19327731092436973	0.19327731092436973	0.18487394957983194	0.18487394957983194	0.18487394957983194	0.18487394957983194	0.18487394957983194	0.18487394957983194	0.0	0.0	0.0	0.0	0
6UGM_C:12-106	0.31092436974789917	0.31092436974789917	0.31092436974789917	0.31092436974789917	0.31092436974789917	0.24369747899159666	0.3613445378151261	0.2184873949579832	0.2184873949579832	0.15966386554621848	0.2941176470588235	0.10924369747899154	0.10924369747899154	0.10924369747899154	0.10924369747899154	0.10924369747899154	0.10924369747899154	0.10924369747899154	0.11764705882352944	0.07563025210084029	0.0672268907563025	0.0672268907563025	0.0672268907563025	0.0672268907563025	0.0672268907563025	0.05882352941176472	0.23529411764705888	0.23529411764705888	0.22689075630252098	0.22689075630252098	0.2016806722689075	0.008403361344537785	0.2016806722689075	0.11764705882352944	0.19327731092436973	0.18487394957983194	0.2016806722689075	0.19327731092436973	0.19327731092436973	0.19327731092436973	0.18487394957983194	0.18487394957983194	0.18487394957983194	0.18487394957983194	0.18487394957983194	0.18487394957983194	0.0	0.0	0.0	0.0	0.0	0
5G2E_C:12-106	0.31092436974789917	0.31092436974789917	0.31092436974789917	0.31092436974789917	0.31092436974789917	0.24369747899159666	0.3613445378151261	0.2184873949579832	0.2184873949579832	0.15966386554621848	0.2941176470588235	0.10924369747899154	0.10924369747899154	0.10924369747899154	0.10924369747899154	0.10924369747899154	0.10924369747899154	0.10924369747899154	0.11764705882352944	0.07563025210084029	0.0672268907563025	0.0672268907563025	0.0672268907563025	0.0672268907563025	0.0672268907563025	0.05882352941176472	0.23529411764705888	0.23529411764705888	0.22689075630252098	0.22689075630252098	0.2016806722689075	0.008403361344537785	0.2016806722689075	0.11764705882352944	0.19327731092436973	0.18487394957983194	0.2016806722689075	0.19327731092436973	0.19327731092436973	0.19327731092436973	0.18487394957983194	0.18487394957983194	0.18487394957983194	0.18487394957983194	0.18487394957983194	0.18487394957983194	0.0	0.0	0.0	0.0	0.0	0.0	0
1AOI_C:20-114	0.31092436974789917	0.31092436974789917	0.31092436974789917	0.31092436974789917	0.31092436974789917	0.24369747899159666	0.3613445378151261	0.2184873949579832	0.2184873949579832	0.15966386554621848	0.2941176470588235	0.10924369747899154	0.10924369747899154	0.10924369747899154	0.10924369747899154	0.10924369747899154	0.10924369747899154	0.10924369747899154	0.11764705882352944	0.07563025210084029	0.0672268907563025	0.0672268907563025	0.0672268907563025	0.0672268907563025	0.0672268907563025	0.05882352941176472	0.23529411764705888	0.23529411764705888	0.22689075630252098	0.22689075630252098	0.2016806722689075	0.008403361344537785	0.2016806722689075	0.11764705882352944	0.19327731092436973	0.18487394957983194	0.2016806722689075	0.19327731092436973	0.19327731092436973	0.19327731092436973	0.18487394957983194	0.18487394957983194	0.18487394957983194	0.18487394957983194	0.18487394957983194	0.18487394957983194	0.0	0.0	0.0	0.0	0.0	0.0	0.0	0
7EA5_C:11-105	0.31092436974789917	0.31092436974789917	0.31092436974789917	0.31092436974789917	0.31092436974789917	0.24369747899159666	0.3613445378151261	0.2184873949579832	0.2184873949579832	0.15966386554621848	0.2941176470588235	0.10924369747899154	0.10924369747899154	0.10924369747899154	0.10924369747899154	0.10924369747899154	0.10924369747899154	0.10924369747899154	0.11764705882352944	0.07563025210084029	0.0672268907563025	0.0672268907563025	0.0672268907563025	0.0672268907563025	0.0672268907563025	0.05882352941176472	0.23529411764705888	0.23529411764705888	0.22689075630252098	0.22689075630252098	0.2016806722689075	0.008403361344537785	0.2016806722689075	0.11764705882352944	0.19327731092436973	0.18487394957983194	0.2016806722689075	0.19327731092436973	0.19327731092436973	0.19327731092436973	0.18487394957983194	0.18487394957983194	0.18487394957983194	0.18487394957983194	0.18487394957983194	0.18487394957983194	0.0	0.0	0.0	0.0	0.0	0.0	0.0	0.0	0
5MLU_C:10-104	0.31092436974789917	0.31092436974789917	0.31092436974789917	0.31092436974789917	0.31092436974789917	0.24369747899159666	0.3613445378151261	0.2184873949579832	0.2184873949579832	0.15966386554621848	0.2941176470588235	0.10924369747899154	0.10924369747899154	0.10924369747899154	0.10924369747899154	0.10924369747899154	0.10924369747899154	0.10924369747899154	0.11764705882352944	0.07563025210084029	0.0672268907563025	0.0672268907563025	0.0672268907563025	0.0672268907563025	0.0672268907563025	0.05882352941176472	0.23529411764705888	0.23529411764705888	0.22689075630252098	0.22689075630252098	0.2016806722689075	0.008403361344537785	0.2016806722689075	0.11764705882352944	0.19327731092436973	0.18487394957983194	0.2016806722689075	0.19327731092436973	0.19327731092436973	0.19327731092436973	0.18487394957983194	0.18487394957983194	0.18487394957983194	0.18487394957983194	0.18487394957983194	0.18487394957983194	0.0	0.0	0.0	0.0	0.0	0.0	0.0	0.0	0.0	0
6Z6P_C:8-102	0.31092436974789917	0.31092436974789917	0.31092436974789917	0.31092436974789917	0.31092436974789917	0.24369747899159666	0.3613445378151261	0.2184873949579832	0.2184873949579832	0.15966386554621848	0.2941176470588235	0.10924369747899154	0.10924369747899154	0.10924369747899154	0.10924369747899154	0.10924369747899154	0.10924369747899154	0.10924369747899154	0.11764705882352944	0.07563025210084029	0.0672268907563025	0.0672268907563025	0.0672268907563025	0.0672268907563025	0.0672268907563025	0.05882352941176472	0.23529411764705888	0.23529411764705888	0.22689075630252098	0.22689075630252098	0.2016806722689075	0.008403361344537785	0.2016806722689075	0.11764705882352944	0.19327731092436973	0.18487394957983194	0.2016806722689075	0.19327731092436973	0.19327731092436973	0.19327731092436973	0.18487394957983194	0.18487394957983194	0.18487394957983194	0.18487394957983194	0.18487394957983194	0.18487394957983194	0.0	0.0	0.0	0.0	0.0	0.0	0.0	0.0	0.0	0.0	0
6NZO_C:115-209	0.31092436974789917	0.31092436974789917	0.31092436974789917	0.31092436974789917	0.31092436974789917	0.24369747899159666	0.3613445378151261	0.2184873949579832	0.2184873949579832	0.15966386554621848	0.2941176470588235	0.10924369747899154	0.10924369747899154	0.10924369747899154	0.10924369747899154	0.10924369747899154	0.10924369747899154	0.10924369747899154	0.11764705882352944	0.07563025210084029	0.0672268907563025	0.0672268907563025	0.0672268907563025	0.0672268907563025	0.0672268907563025	0.05882352941176472	0.23529411764705888	0.23529411764705888	0.22689075630252098	0.22689075630252098	0.2016806722689075	0.008403361344537785	0.2016806722689075	0.11764705882352944	0.19327731092436973	0.18487394957983194	0.2016806722689075	0.19327731092436973	0.19327731092436973	0.19327731092436973	0.18487394957983194	0.18487394957983194	0.18487394957983194	0.18487394957983194	0.18487394957983194	0.18487394957983194	0.0	0.0	0.0	0.0	0.0	0.0	0.0	0.0	0.0	0.0	0.0	0
6K01_C:10-92	0.3445378151260504	0.3445378151260504	0.3445378151260504	0.3445378151260504	0.3445378151260504	0.3025210084033614	0.45378151260504207	0.11764705882352944	0.11764705882352944	0.15966386554621848	0.3697478991596639	0.18487394957983194	0.18487394957983194	0.18487394957983194	0.18487394957983194	0.18487394957983194	0.18487394957983194	0.18487394957983194	0.17647058823529416	0.16806722689075626	0.15966386554621848	0.15966386554621848	0.15966386554621848	0.15966386554621848	0.15966386554621848	0.1512605042016807	0.32773109243697474	0.32773109243697474	0.31932773109243695	0.31932773109243695	0.3025210084033614	0.10924369747899154	0.3025210084033614	0.01680672268907568	0.2941176470588235	0.2857142857142857	0.2941176470588235	0.2941176470588235	0.2941176470588235	0.2941176470588235	0.2857142857142857	0.2857142857142857	0.2857142857142857	0.2857142857142857	0.2857142857142857	0.2857142857142857	0.10084033613445376	0.10084033613445376	0.10084033613445376	0.10084033613445376	0.10084033613445376	0.10084033613445376	0.10084033613445376	0.10084033613445376	0.10084033613445376	0.10084033613445376	0.10084033613445376	0.10084033613445376	0
4KHA_B:13-92	0.3613445378151261	0.3613445378151261	0.3613445378151261	0.3613445378151261	0.3613445378151261	0.31932773109243695	0.47058823529411764	0.10924369747899154	0.10924369747899154	0.18487394957983194	0.39495798319327735	0.2100840336134454	0.2100840336134454	0.2100840336134454	0.2100840336134454	0.2100840336134454	0.2100840336134454	0.2100840336134454	0.2016806722689075	0.19327731092436973	0.18487394957983194	0.18487394957983194	0.18487394957983194	0.18487394957983194	0.18487394957983194	0.17647058823529416	0.3529411764705882	0.3529411764705882	0.3445378151260504	0.3445378151260504	0.32773109243697474	0.134453781512605	0.32773109243697474	0.025210084033613467	0.31932773109243695	0.31092436974789917	0.31932773109243695	0.31932773109243695	0.31932773109243695	0.31932773109243695	0.31092436974789917	0.31092436974789917	0.31092436974789917	0.31092436974789917	0.31092436974789917	0.31092436974789917	0.12605042016806722	0.12605042016806722	0.12605042016806722	0.12605042016806722	0.12605042016806722	0.12605042016806722	0.12605042016806722	0.12605042016806722	0.12605042016806722	0.12605042016806722	0.12605042016806722	0.12605042016806722	0.025210084033613467	0
5KGF_C:1-118	0.4789915966386554	0.4789915966386554	0.4789915966386554	0.4789915966386554	0.4789915966386554	0.45378151260504207	0.2773109243697479	0.4201680672268907	0.4201680672268907	0.33613445378151263	0.2016806722689075	0.2857142857142857	0.2857142857142857	0.2857142857142857	0.2857142857142857	0.2857142857142857	0.2857142857142857	0.2857142857142857	0.2941176470588235	0.2773109243697479	0.25210084033613445	0.25210084033613445	0.25210084033613445	0.25210084033613445	0.25210084033613445	0.24369747899159666	0.0672268907563025	0.07563025210084029	0.04201680672268904	0.04201680672268904	0.08403361344537819	0.2184873949579832	0.05882352941176472	0.32773109243697474	0.07563025210084029	0.07563025210084029	0.0672268907563025	0.05882352941176472	0.05882352941176472	0.05882352941176472	0.0672268907563025	0.0672268907563025	0.0672268907563025	0.0672268907563025	0.0672268907563025	0.0672268907563025	0.22689075630252098	0.22689075630252098	0.22689075630252098	0.22689075630252098	0.22689075630252098	0.22689075630252098	0.22689075630252098	0.22689075630252098	0.22689075630252098	0.22689075630252098	0.22689075630252098	0.22689075630252098	0.31932773109243695	0.3445378151260504	0
6SE0_G:1-118	0.4873949579831933	0.4873949579831933	0.4873949579831933	0.4873949579831933	0.4873949579831933	0.4369747899159664	0.2773109243697479	0.4285714285714286	0.4285714285714286	0.3529411764705882	0.2016806722689075	0.3025210084033614	0.3025210084033614	0.3025210084033614	0.3025210084033614	0.3025210084033614	0.3025210084033614	0.3025210084033614	0.31092436974789917	0.2773109243697479	0.25210084033613445	0.25210084033613445	0.25210084033613445	0.25210084033613445	0.25210084033613445	0.25210084033613445	0.05882352941176472	0.05882352941176472	0.03361344537815125	0.03361344537815125	0.07563025210084029	0.2184873949579832	0.050420168067226934	0.32773109243697474	0.0672268907563025	0.0672268907563025	0.05882352941176472	0.050420168067226934	0.050420168067226934	0.050420168067226934	0.05882352941176472	0.05882352941176472	0.05882352941176472	0.05882352941176472	0.05882352941176472	0.05882352941176472	0.22689075630252098	0.22689075630252098	0.22689075630252098	0.22689075630252098	0.22689075630252098	0.22689075630252098	0.22689075630252098	0.22689075630252098	0.22689075630252098	0.22689075630252098	0.22689075630252098	0.22689075630252098	0.31932773109243695	0.3445378151260504	0.025210084033613467	0
6SE0_C:1-117	0.4789915966386554	0.4789915966386554	0.4789915966386554	0.4789915966386554	0.4789915966386554	0.4285714285714286	0.2857142857142857	0.4201680672268907	0.4201680672268907	0.3445378151260504	0.2100840336134454	0.2941176470588235	0.2941176470588235	0.2941176470588235	0.2941176470588235	0.2941176470588235	0.2941176470588235	0.2941176470588235	0.3025210084033614	0.26890756302521013	0.24369747899159666	0.24369747899159666	0.24369747899159666	0.24369747899159666	0.24369747899159666	0.24369747899159666	0.050420168067226934	0.050420168067226934	0.04201680672268904	0.04201680672268904	0.0672268907563025	0.2100840336134454	0.05882352941176472	0.31932773109243695	0.05882352941176472	0.05882352941176472	0.0672268907563025	0.05882352941176472	0.05882352941176472	0.05882352941176472	0.050420168067226934	0.050420168067226934	0.050420168067226934	0.050420168067226934	0.050420168067226934	0.050420168067226934	0.2184873949579832	0.2184873949579832	0.2184873949579832	0.2184873949579832	0.2184873949579832	0.2184873949579832	0.2184873949579832	0.2184873949579832	0.2184873949579832	0.2184873949579832	0.2184873949579832	0.2184873949579832	0.31092436974789917	0.33613445378151263	0.03361344537815125	0.008403361344537785	0
7JZV_N:5-121	0.4789915966386554	0.4789915966386554	0.4789915966386554	0.4789915966386554	0.4789915966386554	0.4285714285714286	0.2857142857142857	0.4201680672268907	0.4201680672268907	0.3445378151260504	0.2100840336134454	0.2941176470588235	0.2941176470588235	0.2941176470588235	0.2941176470588235	0.2941176470588235	0.2941176470588235	0.2941176470588235	0.3025210084033614	0.26890756302521013	0.24369747899159666	0.24369747899159666	0.24369747899159666	0.24369747899159666	0.24369747899159666	0.24369747899159666	0.050420168067226934	0.050420168067226934	0.04201680672268904	0.04201680672268904	0.0672268907563025	0.2100840336134454	0.05882352941176472	0.31932773109243695	0.05882352941176472	0.05882352941176472	0.0672268907563025	0.05882352941176472	0.05882352941176472	0.05882352941176472	0.050420168067226934	0.050420168067226934	0.050420168067226934	0.050420168067226934	0.050420168067226934	0.050420168067226934	0.2184873949579832	0.2184873949579832	0.2184873949579832	0.2184873949579832	0.2184873949579832	0.2184873949579832	0.2184873949579832	0.2184873949579832	0.2184873949579832	0.2184873949579832	0.2184873949579832	0.2184873949579832	0.31092436974789917	0.33613445378151263	0.03361344537815125	0.008403361344537785	0.0	0
6Y5E_G:13-107	0.2941176470588235	0.2941176470588235	0.2941176470588235	0.2941176470588235	0.2941176470588235	0.24369747899159666	0.38655462184873945	0.23529411764705888	0.23529411764705888	0.15966386554621848	0.2941176470588235	0.10924369747899154	0.10924369747899154	0.10924369747899154	0.10924369747899154	0.10924369747899154	0.10924369747899154	0.10924369747899154	0.11764705882352944	0.08403361344537819	0.05882352941176472	0.05882352941176472	0.05882352941176472	0.05882352941176472	0.05882352941176472	0.05882352941176472	0.22689075630252098	0.22689075630252098	0.2184873949579832	0.2184873949579832	0.23529411764705888	0.025210084033613467	0.22689075630252098	0.134453781512605	0.22689075630252098	0.2184873949579832	0.23529411764705888	0.22689075630252098	0.22689075630252098	0.22689075630252098	0.2184873949579832	0.2184873949579832	0.2184873949579832	0.2184873949579832	0.2184873949579832	0.2184873949579832	0.03361344537815125	0.03361344537815125	0.03361344537815125	0.03361344537815125	0.03361344537815125	0.03361344537815125	0.03361344537815125	0.03361344537815125	0.03361344537815125	0.03361344537815125	0.03361344537815125	0.03361344537815125	0.12605042016806722	0.1512605042016807	0.2100840336134454	0.19327731092436973	0.18487394957983194	0.18487394957983194	0
6Y5E_C:13-107	0.2941176470588235	0.2941176470588235	0.2941176470588235	0.2941176470588235	0.2941176470588235	0.24369747899159666	0.38655462184873945	0.23529411764705888	0.23529411764705888	0.15966386554621848	0.2941176470588235	0.10924369747899154	0.10924369747899154	0.10924369747899154	0.10924369747899154	0.10924369747899154	0.10924369747899154	0.10924369747899154	0.11764705882352944	0.08403361344537819	0.05882352941176472	0.05882352941176472	0.05882352941176472	0.05882352941176472	0.05882352941176472	0.05882352941176472	0.22689075630252098	0.22689075630252098	0.2184873949579832	0.2184873949579832	0.23529411764705888	0.025210084033613467	0.22689075630252098	0.134453781512605	0.22689075630252098	0.2184873949579832	0.23529411764705888	0.22689075630252098	0.22689075630252098	0.22689075630252098	0.2184873949579832	0.2184873949579832	0.2184873949579832	0.2184873949579832	0.2184873949579832	0.2184873949579832	0.03361344537815125	0.03361344537815125	0.03361344537815125	0.03361344537815125	0.03361344537815125	0.03361344537815125	0.03361344537815125	0.03361344537815125	0.03361344537815125	0.03361344537815125	0.03361344537815125	0.03361344537815125	0.12605042016806722	0.1512605042016807	0.2100840336134454	0.19327731092436973	0.18487394957983194	0.18487394957983194	0.0	0
5GT3_C:1-117	0.4789915966386554	0.4789915966386554	0.4789915966386554	0.4789915966386554	0.4789915966386554	0.4369747899159664	0.2941176470588235	0.4201680672268907	0.4201680672268907	0.3445378151260504	0.2184873949579832	0.2941176470588235	0.2941176470588235	0.2941176470588235	0.2941176470588235	0.2941176470588235	0.2941176470588235	0.2941176470588235	0.3025210084033614	0.26890756302521013	0.24369747899159666	0.24369747899159666	0.24369747899159666	0.24369747899159666	0.24369747899159666	0.24369747899159666	0.05882352941176472	0.03361344537815125	0.050420168067226934	0.050420168067226934	0.05882352941176472	0.2100840336134454	0.050420168067226934	0.31932773109243695	0.050420168067226934	0.050420168067226934	0.05882352941176472	0.050420168067226934	0.050420168067226934	0.050420168067226934	0.04201680672268904	0.04201680672268904	0.04201680672268904	0.04201680672268904	0.04201680672268904	0.04201680672268904	0.2184873949579832	0.2184873949579832	0.2184873949579832	0.2184873949579832	0.2184873949579832	0.2184873949579832	0.2184873949579832	0.2184873949579832	0.2184873949579832	0.2184873949579832	0.2184873949579832	0.2184873949579832	0.31092436974789917	0.33613445378151263	0.04201680672268904	0.03361344537815125	0.025210084033613467	0.025210084033613467	0.2016806722689075	0.2016806722689075	0
7EA8_C:10-104	0.2941176470588235	0.2941176470588235	0.2941176470588235	0.2941176470588235	0.2941176470588235	0.25210084033613445	0.38655462184873945	0.23529411764705888	0.23529411764705888	0.15966386554621848	0.2941176470588235	0.10924369747899154	0.10924369747899154	0.10924369747899154	0.10924369747899154	0.10924369747899154	0.10924369747899154	0.10924369747899154	0.11764705882352944	0.08403361344537819	0.05882352941176472	0.05882352941176472	0.05882352941176472	0.05882352941176472	0.05882352941176472	0.05882352941176472	0.22689075630252098	0.2184873949579832	0.2184873949579832	0.2184873949579832	0.23529411764705888	0.025210084033613467	0.22689075630252098	0.134453781512605	0.22689075630252098	0.2184873949579832	0.23529411764705888	0.22689075630252098	0.22689075630252098	0.22689075630252098	0.2184873949579832	0.2184873949579832	0.2184873949579832	0.2184873949579832	0.2184873949579832	0.2184873949579832	0.03361344537815125	0.03361344537815125	0.03361344537815125	0.03361344537815125	0.03361344537815125	0.03361344537815125	0.03361344537815125	0.03361344537815125	0.03361344537815125	0.03361344537815125	0.03361344537815125	0.03361344537815125	0.12605042016806722	0.1512605042016807	0.2100840336134454	0.2100840336134454	0.2016806722689075	0.2016806722689075	0.01680672268907568	0.01680672268907568	0.18487394957983194	0
6KBB_A:13-96	0.31932773109243695	0.31932773109243695	0.31932773109243695	0.31932773109243695	0.31932773109243695	0.3025210084033614	0.46218487394957986	0.1428571428571429	0.1428571428571429	0.1512605042016807	0.3613445378151261	0.17647058823529416	0.17647058823529416	0.17647058823529416	0.17647058823529416	0.17647058823529416	0.17647058823529416	0.17647058823529416	0.16806722689075626	0.17647058823529416	0.1512605042016807	0.1512605042016807	0.1512605042016807	0.1512605042016807	0.1512605042016807	0.1512605042016807	0.31932773109243695	0.31092436974789917	0.31092436974789917	0.31092436974789917	0.31932773109243695	0.10924369747899154	0.31092436974789917	0.04201680672268904	0.31092436974789917	0.3025210084033614	0.31932773109243695	0.31092436974789917	0.31092436974789917	0.31092436974789917	0.3025210084033614	0.3025210084033614	0.3025210084033614	0.3025210084033614	0.3025210084033614	0.3025210084033614	0.11764705882352944	0.11764705882352944	0.11764705882352944	0.11764705882352944	0.11764705882352944	0.11764705882352944	0.11764705882352944	0.11764705882352944	0.11764705882352944	0.11764705882352944	0.11764705882352944	0.11764705882352944	0.03361344537815125	0.05882352941176472	0.3025210084033614	0.3025210084033614	0.2941176470588235	0.2941176470588235	0.10924369747899154	0.10924369747899154	0.2773109243697479	0.09243697478991597	0
6C0W_C:1-118	0.4957983193277311	0.4957983193277311	0.4957983193277311	0.4957983193277311	0.4957983193277311	0.4453781512605042	0.26890756302521013	0.4201680672268907	0.4201680672268907	0.3445378151260504	0.19327731092436973	0.2941176470588235	0.2941176470588235	0.2941176470588235	0.2941176470588235	0.2941176470588235	0.2941176470588235	0.2941176470588235	0.3025210084033614	0.26890756302521013	0.24369747899159666	0.24369747899159666	0.24369747899159666	0.24369747899159666	0.24369747899159666	0.23529411764705888	0.050420168067226934	0.050420168067226934	0.025210084033613467	0.025210084033613467	0.05882352941176472	0.2016806722689075	0.04201680672268904	0.31932773109243695	0.050420168067226934	0.050420168067226934	0.04201680672268904	0.03361344537815125	0.03361344537815125	0.03361344537815125	0.04201680672268904	0.04201680672268904	0.04201680672268904	0.04201680672268904	0.04201680672268904	0.04201680672268904	0.2100840336134454	0.2100840336134454	0.2100840336134454	0.2100840336134454	0.2100840336134454	0.2100840336134454	0.2100840336134454	0.2100840336134454	0.2100840336134454	0.2100840336134454	0.2100840336134454	0.2100840336134454	0.3025210084033614	0.32773109243697474	0.025210084033613467	0.01680672268907568	0.025210084033613467	0.025210084033613467	0.2100840336134454	0.2100840336134454	0.03361344537815125	0.2100840336134454	0.3025210084033614	0
7A08_b:1-117	0.4873949579831933	0.4873949579831933	0.4873949579831933	0.4873949579831933	0.4873949579831933	0.4369747899159664	0.2773109243697479	0.4117647058823529	0.4117647058823529	0.33613445378151263	0.2016806722689075	0.2857142857142857	0.2857142857142857	0.2857142857142857	0.2857142857142857	0.2857142857142857	0.2857142857142857	0.2857142857142857	0.2941176470588235	0.26050420168067223	0.23529411764705888	0.23529411764705888	0.23529411764705888	0.23529411764705888	0.23529411764705888	0.22689075630252098	0.04201680672268904	0.04201680672268904	0.03361344537815125	0.03361344537815125	0.050420168067226934	0.19327731092436973	0.050420168067226934	0.31092436974789917	0.04201680672268904	0.04201680672268904	0.050420168067226934	0.04201680672268904	0.04201680672268904	0.04201680672268904	0.03361344537815125	0.03361344537815125	0.03361344537815125	0.03361344537815125	0.03361344537815125	0.03361344537815125	0.2016806722689075	0.2016806722689075	0.2016806722689075	0.2016806722689075	0.2016806722689075	0.2016806722689075	0.2016806722689075	0.2016806722689075	0.2016806722689075	0.2016806722689075	0.2016806722689075	0.2016806722689075	0.2941176470588235	0.31932773109243695	0.03361344537815125	0.025210084033613467	0.01680672268907568	0.01680672268907568	0.2016806722689075	0.2016806722689075	0.025210084033613467	0.2016806722689075	0.2941176470588235	0.008403361344537785	0
7BG9_L:1-118	0.4957983193277311	0.4957983193277311	0.4957983193277311	0.4957983193277311	0.4957983193277311	0.4453781512605042	0.2857142857142857	0.4201680672268907	0.4201680672268907	0.3529411764705882	0.2100840336134454	0.3025210084033614	0.3025210084033614	0.3025210084033614	0.3025210084033614	0.3025210084033614	0.3025210084033614	0.3025210084033614	0.31092436974789917	0.2773109243697479	0.25210084033613445	0.25210084033613445	0.25210084033613445	0.25210084033613445	0.25210084033613445	0.25210084033613445	0.0672268907563025	0.05882352941176472	0.04201680672268904	0.04201680672268904	0.0672268907563025	0.2184873949579832	0.04201680672268904	0.32773109243697474	0.05882352941176472	0.05882352941176472	0.050420168067226934	0.04201680672268904	0.04201680672268904	0.04201680672268904	0.050420168067226934	0.050420168067226934	0.050420168067226934	0.050420168067226934	0.050420168067226934	0.050420168067226934	0.22689075630252098	0.22689075630252098	0.22689075630252098	0.22689075630252098	0.22689075630252098	0.22689075630252098	0.22689075630252098	0.22689075630252098	0.22689075630252098	0.22689075630252098	0.22689075630252098	0.22689075630252098	0.31932773109243695	0.3445378151260504	0.03361344537815125	0.025210084033613467	0.03361344537815125	0.03361344537815125	0.2100840336134454	0.2100840336134454	0.025210084033613467	0.2100840336134454	0.3025210084033614	0.025210084033613467	0.03361344537815125	0
6R0C_C:1-118	0.4873949579831933	0.4873949579831933	0.4873949579831933	0.4873949579831933	0.4873949579831933	0.4453781512605042	0.2773109243697479	0.4201680672268907	0.4201680672268907	0.3445378151260504	0.2016806722689075	0.2941176470588235	0.2941176470588235	0.2941176470588235	0.2941176470588235	0.2941176470588235	0.2941176470588235	0.2941176470588235	0.3025210084033614	0.26890756302521013	0.24369747899159666	0.24369747899159666	0.24369747899159666	0.24369747899159666	0.24369747899159666	0.24369747899159666	0.05882352941176472	0.050420168067226934	0.03361344537815125	0.03361344537815125	0.05882352941176472	0.2100840336134454	0.03361344537815125	0.31932773109243695	0.050420168067226934	0.050420168067226934	0.04201680672268904	0.03361344537815125	0.03361344537815125	0.03361344537815125	0.04201680672268904	0.04201680672268904	0.04201680672268904	0.04201680672268904	0.04201680672268904	0.04201680672268904	0.2184873949579832	0.2184873949579832	0.2184873949579832	0.2184873949579832	0.2184873949579832	0.2184873949579832	0.2184873949579832	0.2184873949579832	0.2184873949579832	0.2184873949579832	0.2184873949579832	0.2184873949579832	0.31092436974789917	0.33613445378151263	0.025210084033613467	0.01680672268907568	0.025210084033613467	0.025210084033613467	0.2016806722689075	0.2016806722689075	0.01680672268907568	0.2016806722689075	0.2941176470588235	0.01680672268907568	0.025210084033613467	0.008403361344537785	0
6FML_O:1-117	0.4789915966386554	0.4789915966386554	0.4789915966386554	0.4789915966386554	0.4789915966386554	0.4369747899159664	0.2857142857142857	0.4117647058823529	0.4117647058823529	0.33613445378151263	0.2100840336134454	0.2857142857142857	0.2857142857142857	0.2857142857142857	0.2857142857142857	0.2857142857142857	0.2857142857142857	0.2857142857142857	0.2941176470588235	0.26050420168067223	0.23529411764705888	0.23529411764705888	0.23529411764705888	0.23529411764705888	0.23529411764705888	0.23529411764705888	0.050420168067226934	0.04201680672268904	0.04201680672268904	0.04201680672268904	0.050420168067226934	0.2016806722689075	0.04201680672268904	0.31092436974789917	0.04201680672268904	0.04201680672268904	0.050420168067226934	0.04201680672268904	0.04201680672268904	0.04201680672268904	0.03361344537815125	0.03361344537815125	0.03361344537815125	0.03361344537815125	0.03361344537815125	0.03361344537815125	0.2100840336134454	0.2100840336134454	0.2100840336134454	0.2100840336134454	0.2100840336134454	0.2100840336134454	0.2100840336134454	0.2100840336134454	0.2100840336134454	0.2100840336134454	0.2100840336134454	0.2100840336134454	0.3025210084033614	0.32773109243697474	0.03361344537815125	0.025210084033613467	0.01680672268907568	0.01680672268907568	0.19327731092436973	0.19327731092436973	0.008403361344537785	0.19327731092436973	0.2857142857142857	0.025210084033613467	0.01680672268907568	0.01680672268907568	0.008403361344537785	0
7TRF_E:1-118	0.4873949579831933	0.4873949579831933	0.4873949579831933	0.4873949579831933	0.4873949579831933	0.4453781512605042	0.2773109243697479	0.4201680672268907	0.4201680672268907	0.3445378151260504	0.2016806722689075	0.2941176470588235	0.2941176470588235	0.2941176470588235	0.2941176470588235	0.2941176470588235	0.2941176470588235	0.2941176470588235	0.3025210084033614	0.26890756302521013	0.24369747899159666	0.24369747899159666	0.24369747899159666	0.24369747899159666	0.24369747899159666	0.24369747899159666	0.05882352941176472	0.0672268907563025	0.03361344537815125	0.03361344537815125	0.0672268907563025	0.2100840336134454	0.04201680672268904	0.31932773109243695	0.05882352941176472	0.05882352941176472	0.050420168067226934	0.04201680672268904	0.04201680672268904	0.04201680672268904	0.050420168067226934	0.050420168067226934	0.050420168067226934	0.050420168067226934	0.050420168067226934	0.050420168067226934	0.2184873949579832	0.2184873949579832	0.2184873949579832	0.2184873949579832	0.2184873949579832	0.2184873949579832	0.2184873949579832	0.2184873949579832	0.2184873949579832	0.2184873949579832	0.2184873949579832	0.2184873949579832	0.31092436974789917	0.33613445378151263	0.025210084033613467	0.01680672268907568	0.025210084033613467	0.025210084033613467	0.2016806722689075	0.2016806722689075	0.03361344537815125	0.2016806722689075	0.2941176470588235	0.01680672268907568	0.025210084033613467	0.025210084033613467	0.01680672268907568	0.025210084033613467	0
6KVD_C:4-121	0.4873949579831933	0.4873949579831933	0.4873949579831933	0.4873949579831933	0.4873949579831933	0.4453781512605042	0.2773109243697479	0.4201680672268907	0.4201680672268907	0.3445378151260504	0.2016806722689075	0.2941176470588235	0.2941176470588235	0.2941176470588235	0.2941176470588235	0.2941176470588235	0.2941176470588235	0.2941176470588235	0.3025210084033614	0.26890756302521013	0.24369747899159666	0.24369747899159666	0.24369747899159666	0.24369747899159666	0.24369747899159666	0.24369747899159666	0.05882352941176472	0.0672268907563025	0.03361344537815125	0.03361344537815125	0.0672268907563025	0.2100840336134454	0.04201680672268904	0.31932773109243695	0.05882352941176472	0.05882352941176472	0.050420168067226934	0.04201680672268904	0.04201680672268904	0.04201680672268904	0.050420168067226934	0.050420168067226934	0.050420168067226934	0.050420168067226934	0.050420168067226934	0.050420168067226934	0.2184873949579832	0.2184873949579832	0.2184873949579832	0.2184873949579832	0.2184873949579832	0.2184873949579832	0.2184873949579832	0.2184873949579832	0.2184873949579832	0.2184873949579832	0.2184873949579832	0.2184873949579832	0.31092436974789917	0.33613445378151263	0.025210084033613467	0.01680672268907568	0.025210084033613467	0.025210084033613467	0.2016806722689075	0.2016806722689075	0.03361344537815125	0.2016806722689075	0.2941176470588235	0.01680672268907568	0.025210084033613467	0.025210084033613467	0.01680672268907568	0.025210084033613467	0.0	0
1EQZ_A:1-118	0.4873949579831933	0.4873949579831933	0.4873949579831933	0.4873949579831933	0.4873949579831933	0.4453781512605042	0.26890756302521013	0.4201680672268907	0.4201680672268907	0.3445378151260504	0.19327731092436973	0.2941176470588235	0.2941176470588235	0.2941176470588235	0.2941176470588235	0.2941176470588235	0.2941176470588235	0.2941176470588235	0.3025210084033614	0.26890756302521013	0.24369747899159666	0.24369747899159666	0.24369747899159666	0.24369747899159666	0.24369747899159666	0.24369747899159666	0.050420168067226934	0.05882352941176472	0.025210084033613467	0.025210084033613467	0.0672268907563025	0.2100840336134454	0.04201680672268904	0.31932773109243695	0.05882352941176472	0.05882352941176472	0.050420168067226934	0.04201680672268904	0.04201680672268904	0.04201680672268904	0.050420168067226934	0.050420168067226934	0.050420168067226934	0.050420168067226934	0.050420168067226934	0.050420168067226934	0.2184873949579832	0.2184873949579832	0.2184873949579832	0.2184873949579832	0.2184873949579832	0.2184873949579832	0.2184873949579832	0.2184873949579832	0.2184873949579832	0.2184873949579832	0.2184873949579832	0.2184873949579832	0.31092436974789917	0.33613445378151263	0.01680672268907568	0.008403361344537785	0.01680672268907568	0.01680672268907568	0.2016806722689075	0.2016806722689075	0.025210084033613467	0.2016806722689075	0.2941176470588235	0.008403361344537785	0.01680672268907568	0.01680672268907568	0.008403361344537785	0.01680672268907568	0.008403361344537785	0.008403361344537785	0
2HIO_A:1-117	0.4789915966386554	0.4789915966386554	0.4789915966386554	0.4789915966386554	0.4789915966386554	0.4369747899159664	0.2773109243697479	0.4117647058823529	0.4117647058823529	0.33613445378151263	0.2016806722689075	0.2857142857142857	0.2857142857142857	0.2857142857142857	0.2857142857142857	0.2857142857142857	0.2857142857142857	0.2857142857142857	0.2941176470588235	0.26050420168067223	0.23529411764705888	0.23529411764705888	0.23529411764705888	0.23529411764705888	0.23529411764705888	0.23529411764705888	0.04201680672268904	0.050420168067226934	0.03361344537815125	0.03361344537815125	0.05882352941176472	0.2016806722689075	0.050420168067226934	0.31092436974789917	0.050420168067226934	0.050420168067226934	0.05882352941176472	0.050420168067226934	0.050420168067226934	0.050420168067226934	0.04201680672268904	0.04201680672268904	0.04201680672268904	0.04201680672268904	0.04201680672268904	0.04201680672268904	0.2100840336134454	0.2100840336134454	0.2100840336134454	0.2100840336134454	0.2100840336134454	0.2100840336134454	0.2100840336134454	0.2100840336134454	0.2100840336134454	0.2100840336134454	0.2100840336134454	0.2100840336134454	0.3025210084033614	0.32773109243697474	0.025210084033613467	0.01680672268907568	0.008403361344537785	0.008403361344537785	0.19327731092436973	0.19327731092436973	0.01680672268907568	0.19327731092436973	0.2857142857142857	0.01680672268907568	0.008403361344537785	0.025210084033613467	0.01680672268907568	0.008403361344537785	0.01680672268907568	0.01680672268907568	0.008403361344537785	0
1HIO_A:9-95	0.3025210084033614	0.3025210084033614	0.3025210084033614	0.3025210084033614	0.3025210084033614	0.2773109243697479	0.4285714285714286	0.15966386554621848	0.15966386554621848	0.11764705882352944	0.32773109243697474	0.1428571428571429	0.1428571428571429	0.1428571428571429	0.1428571428571429	0.1428571428571429	0.1428571428571429	0.1428571428571429	0.134453781512605	0.1428571428571429	0.11764705882352944	0.11764705882352944	0.11764705882352944	0.11764705882352944	0.11764705882352944	0.11764705882352944	0.2857142857142857	0.2941176470588235	0.2773109243697479	0.2773109243697479	0.2857142857142857	0.07563025210084029	0.2773109243697479	0.05882352941176472	0.2773109243697479	0.26890756302521013	0.2857142857142857	0.2773109243697479	0.2773109243697479	0.2773109243697479	0.26890756302521013	0.26890756302521013	0.26890756302521013	0.26890756302521013	0.26890756302521013	0.26890756302521013	0.08403361344537819	0.08403361344537819	0.08403361344537819	0.08403361344537819	0.08403361344537819	0.08403361344537819	0.08403361344537819	0.08403361344537819	0.08403361344537819	0.08403361344537819	0.08403361344537819	0.08403361344537819	0.050420168067226934	0.07563025210084029	0.26890756302521013	0.26890756302521013	0.26050420168067223	0.26050420168067223	0.07563025210084029	0.07563025210084029	0.26050420168067223	0.07563025210084029	0.03361344537815125	0.26890756302521013	0.26050420168067223	0.26890756302521013	0.26050420168067223	0.25210084033613445	0.26050420168067223	0.26050420168067223	0.26050420168067223	0.25210084033613445	0
2XQL_A:9-91	0.32773109243697474	0.32773109243697474	0.32773109243697474	0.32773109243697474	0.32773109243697474	0.31092436974789917	0.46218487394957986	0.12605042016806722	0.12605042016806722	0.1512605042016807	0.3613445378151261	0.17647058823529416	0.17647058823529416	0.17647058823529416	0.17647058823529416	0.17647058823529416	0.17647058823529416	0.17647058823529416	0.16806722689075626	0.17647058823529416	0.1512605042016807	0.1512605042016807	0.1512605042016807	0.1512605042016807	0.1512605042016807	0.1512605042016807	0.31932773109243695	0.32773109243697474	0.31092436974789917	0.31092436974789917	0.31932773109243695	0.10924369747899154	0.31092436974789917	0.025210084033613467	0.31092436974789917	0.3025210084033614	0.31092436974789917	0.31092436974789917	0.31092436974789917	0.31092436974789917	0.3025210084033614	0.3025210084033614	0.3025210084033614	0.3025210084033614	0.3025210084033614	0.3025210084033614	0.11764705882352944	0.11764705882352944	0.11764705882352944	0.11764705882352944	0.11764705882352944	0.11764705882352944	0.11764705882352944	0.11764705882352944	0.11764705882352944	0.11764705882352944	0.11764705882352944	0.11764705882352944	0.01680672268907568	0.04201680672268904	0.3025210084033614	0.3025210084033614	0.2941176470588235	0.2941176470588235	0.10924369747899154	0.10924369747899154	0.2941176470588235	0.10924369747899154	0.01680672268907568	0.3025210084033614	0.2941176470588235	0.3025210084033614	0.2941176470588235	0.2857142857142857	0.2941176470588235	0.2941176470588235	0.2941176470588235	0.2857142857142857	0.03361344537815125	0
7COW_C:3-120	0.4957983193277311	0.4957983193277311	0.4957983193277311	0.4957983193277311	0.4957983193277311	0.4453781512605042	0.2857142857142857	0.4285714285714286	0.4285714285714286	0.3529411764705882	0.2100840336134454	0.3025210084033614	0.3025210084033614	0.3025210084033614	0.3025210084033614	0.3025210084033614	0.3025210084033614	0.3025210084033614	0.31092436974789917	0.2773109243697479	0.25210084033613445	0.25210084033613445	0.25210084033613445	0.25210084033613445	0.25210084033613445	0.24369747899159666	0.0672268907563025	0.03361344537815125	0.04201680672268904	0.04201680672268904	0.05882352941176472	0.2100840336134454	0.04201680672268904	0.32773109243697474	0.050420168067226934	0.050420168067226934	0.04201680672268904	0.03361344537815125	0.03361344537815125	0.03361344537815125	0.04201680672268904	0.04201680672268904	0.04201680672268904	0.04201680672268904	0.04201680672268904	0.04201680672268904	0.2184873949579832	0.2184873949579832	0.2184873949579832	0.2184873949579832	0.2184873949579832	0.2184873949579832	0.2184873949579832	0.2184873949579832	0.2184873949579832	0.2184873949579832	0.2184873949579832	0.2184873949579832	0.31092436974789917	0.33613445378151263	0.04201680672268904	0.03361344537815125	0.04201680672268904	0.04201680672268904	0.2184873949579832	0.2184873949579832	0.01680672268907568	0.2016806722689075	0.2941176470588235	0.01680672268907568	0.025210084033613467	0.025210084033613467	0.01680672268907568	0.025210084033613467	0.03361344537815125	0.03361344537815125	0.025210084033613467	0.03361344537815125	0.2773109243697479	0.31092436974789917	0
3A6N_C:4-121	0.4957983193277311	0.4957983193277311	0.4957983193277311	0.4957983193277311	0.4957983193277311	0.4453781512605042	0.2857142857142857	0.4285714285714286	0.4285714285714286	0.3529411764705882	0.2100840336134454	0.3025210084033614	0.3025210084033614	0.3025210084033614	0.3025210084033614	0.3025210084033614	0.3025210084033614	0.3025210084033614	0.31092436974789917	0.2773109243697479	0.25210084033613445	0.25210084033613445	0.25210084033613445	0.25210084033613445	0.25210084033613445	0.24369747899159666	0.0672268907563025	0.03361344537815125	0.04201680672268904	0.04201680672268904	0.05882352941176472	0.2100840336134454	0.04201680672268904	0.32773109243697474	0.050420168067226934	0.050420168067226934	0.04201680672268904	0.03361344537815125	0.03361344537815125	0.03361344537815125	0.04201680672268904	0.04201680672268904	0.04201680672268904	0.04201680672268904	0.04201680672268904	0.04201680672268904	0.2184873949579832	0.2184873949579832	0.2184873949579832	0.2184873949579832	0.2184873949579832	0.2184873949579832	0.2184873949579832	0.2184873949579832	0.2184873949579832	0.2184873949579832	0.2184873949579832	0.2184873949579832	0.31092436974789917	0.33613445378151263	0.04201680672268904	0.03361344537815125	0.04201680672268904	0.04201680672268904	0.2184873949579832	0.2184873949579832	0.01680672268907568	0.2016806722689075	0.2941176470588235	0.01680672268907568	0.025210084033613467	0.025210084033613467	0.01680672268907568	0.025210084033613467	0.03361344537815125	0.03361344537815125	0.025210084033613467	0.03361344537815125	0.2773109243697479	0.31092436974789917	0.0	0
2CV5_C:1-118	0.4957983193277311	0.4957983193277311	0.4957983193277311	0.4957983193277311	0.4957983193277311	0.4453781512605042	0.2857142857142857	0.4285714285714286	0.4285714285714286	0.3529411764705882	0.2100840336134454	0.3025210084033614	0.3025210084033614	0.3025210084033614	0.3025210084033614	0.3025210084033614	0.3025210084033614	0.3025210084033614	0.31092436974789917	0.2773109243697479	0.25210084033613445	0.25210084033613445	0.25210084033613445	0.25210084033613445	0.25210084033613445	0.24369747899159666	0.0672268907563025	0.03361344537815125	0.04201680672268904	0.04201680672268904	0.05882352941176472	0.2100840336134454	0.04201680672268904	0.32773109243697474	0.050420168067226934	0.050420168067226934	0.04201680672268904	0.03361344537815125	0.03361344537815125	0.03361344537815125	0.04201680672268904	0.04201680672268904	0.04201680672268904	0.04201680672268904	0.04201680672268904	0.04201680672268904	0.2184873949579832	0.2184873949579832	0.2184873949579832	0.2184873949579832	0.2184873949579832	0.2184873949579832	0.2184873949579832	0.2184873949579832	0.2184873949579832	0.2184873949579832	0.2184873949579832	0.2184873949579832	0.31092436974789917	0.33613445378151263	0.04201680672268904	0.03361344537815125	0.04201680672268904	0.04201680672268904	0.2184873949579832	0.2184873949579832	0.01680672268907568	0.2016806722689075	0.2941176470588235	0.01680672268907568	0.025210084033613467	0.025210084033613467	0.01680672268907568	0.025210084033613467	0.03361344537815125	0.03361344537815125	0.025210084033613467	0.03361344537815125	0.2773109243697479	0.31092436974789917	0.0	0.0	0
6T79_C:22-139	0.4957983193277311	0.4957983193277311	0.4957983193277311	0.4957983193277311	0.4957983193277311	0.4453781512605042	0.2857142857142857	0.4285714285714286	0.4285714285714286	0.3529411764705882	0.2100840336134454	0.3025210084033614	0.3025210084033614	0.3025210084033614	0.3025210084033614	0.3025210084033614	0.3025210084033614	0.3025210084033614	0.31092436974789917	0.2773109243697479	0.25210084033613445	0.25210084033613445	0.25210084033613445	0.25210084033613445	0.25210084033613445	0.24369747899159666	0.0672268907563025	0.03361344537815125	0.04201680672268904	0.04201680672268904	0.05882352941176472	0.2100840336134454	0.04201680672268904	0.32773109243697474	0.050420168067226934	0.050420168067226934	0.04201680672268904	0.03361344537815125	0.03361344537815125	0.03361344537815125	0.04201680672268904	0.04201680672268904	0.04201680672268904	0.04201680672268904	0.04201680672268904	0.04201680672268904	0.2184873949579832	0.2184873949579832	0.2184873949579832	0.2184873949579832	0.2184873949579832	0.2184873949579832	0.2184873949579832	0.2184873949579832	0.2184873949579832	0.2184873949579832	0.2184873949579832	0.2184873949579832	0.31092436974789917	0.33613445378151263	0.04201680672268904	0.03361344537815125	0.04201680672268904	0.04201680672268904	0.2184873949579832	0.2184873949579832	0.01680672268907568	0.2016806722689075	0.2941176470588235	0.01680672268907568	0.025210084033613467	0.025210084033613467	0.01680672268907568	0.025210084033613467	0.03361344537815125	0.03361344537815125	0.025210084033613467	0.03361344537815125	0.2773109243697479	0.31092436974789917	0.0	0.0	0.0	0
2RVQ_C:4-121	0.4957983193277311	0.4957983193277311	0.4957983193277311	0.4957983193277311	0.4957983193277311	0.4453781512605042	0.2857142857142857	0.4285714285714286	0.4285714285714286	0.3529411764705882	0.2100840336134454	0.3025210084033614	0.3025210084033614	0.3025210084033614	0.3025210084033614	0.3025210084033614	0.3025210084033614	0.3025210084033614	0.31092436974789917	0.2773109243697479	0.25210084033613445	0.25210084033613445	0.25210084033613445	0.25210084033613445	0.25210084033613445	0.24369747899159666	0.0672268907563025	0.03361344537815125	0.04201680672268904	0.04201680672268904	0.05882352941176472	0.2100840336134454	0.04201680672268904	0.32773109243697474	0.050420168067226934	0.050420168067226934	0.04201680672268904	0.03361344537815125	0.03361344537815125	0.03361344537815125	0.04201680672268904	0.04201680672268904	0.04201680672268904	0.04201680672268904	0.04201680672268904	0.04201680672268904	0.2184873949579832	0.2184873949579832	0.2184873949579832	0.2184873949579832	0.2184873949579832	0.2184873949579832	0.2184873949579832	0.2184873949579832	0.2184873949579832	0.2184873949579832	0.2184873949579832	0.2184873949579832	0.31092436974789917	0.33613445378151263	0.04201680672268904	0.03361344537815125	0.04201680672268904	0.04201680672268904	0.2184873949579832	0.2184873949579832	0.01680672268907568	0.2016806722689075	0.2941176470588235	0.01680672268907568	0.025210084033613467	0.025210084033613467	0.01680672268907568	0.025210084033613467	0.03361344537815125	0.03361344537815125	0.025210084033613467	0.03361344537815125	0.2773109243697479	0.31092436974789917	0.0	0.0	0.0	0.0	0
2F8N_K:20-137	0.4957983193277311	0.4957983193277311	0.4957983193277311	0.4957983193277311	0.4957983193277311	0.4453781512605042	0.2857142857142857	0.4285714285714286	0.4285714285714286	0.3529411764705882	0.2100840336134454	0.3025210084033614	0.3025210084033614	0.3025210084033614	0.3025210084033614	0.3025210084033614	0.3025210084033614	0.3025210084033614	0.31092436974789917	0.2773109243697479	0.25210084033613445	0.25210084033613445	0.25210084033613445	0.25210084033613445	0.25210084033613445	0.24369747899159666	0.0672268907563025	0.03361344537815125	0.04201680672268904	0.04201680672268904	0.05882352941176472	0.2100840336134454	0.04201680672268904	0.32773109243697474	0.050420168067226934	0.050420168067226934	0.04201680672268904	0.03361344537815125	0.03361344537815125	0.03361344537815125	0.04201680672268904	0.04201680672268904	0.04201680672268904	0.04201680672268904	0.04201680672268904	0.04201680672268904	0.2184873949579832	0.2184873949579832	0.2184873949579832	0.2184873949579832	0.2184873949579832	0.2184873949579832	0.2184873949579832	0.2184873949579832	0.2184873949579832	0.2184873949579832	0.2184873949579832	0.2184873949579832	0.31092436974789917	0.33613445378151263	0.04201680672268904	0.03361344537815125	0.04201680672268904	0.04201680672268904	0.2184873949579832	0.2184873949579832	0.01680672268907568	0.2016806722689075	0.2941176470588235	0.01680672268907568	0.025210084033613467	0.025210084033613467	0.01680672268907568	0.025210084033613467	0.03361344537815125	0.03361344537815125	0.025210084033613467	0.03361344537815125	0.2773109243697479	0.31092436974789917	0.0	0.0	0.0	0.0	0.0	0
3X1S_C:1-117	0.4873949579831933	0.4873949579831933	0.4873949579831933	0.4873949579831933	0.4873949579831933	0.4369747899159664	0.2941176470588235	0.4201680672268907	0.4201680672268907	0.3445378151260504	0.2184873949579832	0.2941176470588235	0.2941176470588235	0.2941176470588235	0.2941176470588235	0.2941176470588235	0.2941176470588235	0.2941176470588235	0.3025210084033614	0.26890756302521013	0.24369747899159666	0.24369747899159666	0.24369747899159666	0.24369747899159666	0.24369747899159666	0.23529411764705888	0.05882352941176472	0.025210084033613467	0.050420168067226934	0.050420168067226934	0.050420168067226934	0.2016806722689075	0.050420168067226934	0.31932773109243695	0.04201680672268904	0.04201680672268904	0.050420168067226934	0.04201680672268904	0.04201680672268904	0.04201680672268904	0.03361344537815125	0.03361344537815125	0.03361344537815125	0.03361344537815125	0.03361344537815125	0.03361344537815125	0.2100840336134454	0.2100840336134454	0.2100840336134454	0.2100840336134454	0.2100840336134454	0.2100840336134454	0.2100840336134454	0.2100840336134454	0.2100840336134454	0.2100840336134454	0.2100840336134454	0.2100840336134454	0.3025210084033614	0.32773109243697474	0.050420168067226934	0.04201680672268904	0.03361344537815125	0.03361344537815125	0.2100840336134454	0.2100840336134454	0.008403361344537785	0.19327731092436973	0.2857142857142857	0.025210084033613467	0.01680672268907568	0.03361344537815125	0.025210084033613467	0.01680672268907568	0.04201680672268904	0.04201680672268904	0.03361344537815125	0.025210084033613467	0.26890756302521013	0.3025210084033614	0.008403361344537785	0.008403361344537785	0.008403361344537785	0.008403361344537785	0.008403361344537785	0.008403361344537785	0
3W96_C:18-112	0.3025210084033614	0.3025210084033614	0.3025210084033614	0.3025210084033614	0.3025210084033614	0.25210084033613445	0.38655462184873945	0.23529411764705888	0.23529411764705888	0.15966386554621848	0.2941176470588235	0.10924369747899154	0.10924369747899154	0.10924369747899154	0.10924369747899154	0.10924369747899154	0.10924369747899154	0.10924369747899154	0.11764705882352944	0.08403361344537819	0.05882352941176472	0.05882352941176472	0.05882352941176472	0.05882352941176472	0.05882352941176472	0.050420168067226934	0.22689075630252098	0.2100840336134454	0.2184873949579832	0.2184873949579832	0.22689075630252098	0.01680672268907568	0.22689075630252098	0.134453781512605	0.2184873949579832	0.2100840336134454	0.22689075630252098	0.2184873949579832	0.2184873949579832	0.2184873949579832	0.2100840336134454	0.2100840336134454	0.2100840336134454	0.2100840336134454	0.2100840336134454	0.2100840336134454	0.025210084033613467	0.025210084033613467	0.025210084033613467	0.025210084033613467	0.025210084033613467	0.025210084033613467	0.025210084033613467	0.025210084033613467	0.025210084033613467	0.025210084033613467	0.025210084033613467	0.025210084033613467	0.11764705882352944	0.1428571428571429	0.2184873949579832	0.2184873949579832	0.2100840336134454	0.2100840336134454	0.025210084033613467	0.025210084033613467	0.19327731092436973	0.008403361344537785	0.10084033613445376	0.2016806722689075	0.19327731092436973	0.2184873949579832	0.2100840336134454	0.2016806722689075	0.2100840336134454	0.2100840336134454	0.2100840336134454	0.2016806722689075	0.08403361344537819	0.11764705882352944	0.19327731092436973	0.19327731092436973	0.19327731092436973	0.19327731092436973	0.19327731092436973	0.19327731092436973	0.18487394957983194	0
7LYA_C:13-107	0.3025210084033614	0.3025210084033614	0.3025210084033614	0.3025210084033614	0.3025210084033614	0.25210084033613445	0.38655462184873945	0.23529411764705888	0.23529411764705888	0.15966386554621848	0.2941176470588235	0.10924369747899154	0.10924369747899154	0.10924369747899154	0.10924369747899154	0.10924369747899154	0.10924369747899154	0.10924369747899154	0.11764705882352944	0.08403361344537819	0.05882352941176472	0.05882352941176472	0.05882352941176472	0.05882352941176472	0.05882352941176472	0.050420168067226934	0.22689075630252098	0.2100840336134454	0.2184873949579832	0.2184873949579832	0.22689075630252098	0.01680672268907568	0.22689075630252098	0.134453781512605	0.2184873949579832	0.2100840336134454	0.22689075630252098	0.2184873949579832	0.2184873949579832	0.2184873949579832	0.2100840336134454	0.2100840336134454	0.2100840336134454	0.2100840336134454	0.2100840336134454	0.2100840336134454	0.025210084033613467	0.025210084033613467	0.025210084033613467	0.025210084033613467	0.025210084033613467	0.025210084033613467	0.025210084033613467	0.025210084033613467	0.025210084033613467	0.025210084033613467	0.025210084033613467	0.025210084033613467	0.11764705882352944	0.1428571428571429	0.2184873949579832	0.2184873949579832	0.2100840336134454	0.2100840336134454	0.025210084033613467	0.025210084033613467	0.19327731092436973	0.008403361344537785	0.10084033613445376	0.2016806722689075	0.19327731092436973	0.2184873949579832	0.2100840336134454	0.2016806722689075	0.2100840336134454	0.2100840336134454	0.2100840336134454	0.2016806722689075	0.08403361344537819	0.11764705882352944	0.19327731092436973	0.19327731092436973	0.19327731092436973	0.19327731092436973	0.19327731092436973	0.19327731092436973	0.18487394957983194	0.0	0
6IPU_C:11-105	0.3025210084033614	0.3025210084033614	0.3025210084033614	0.3025210084033614	0.3025210084033614	0.25210084033613445	0.38655462184873945	0.23529411764705888	0.23529411764705888	0.15966386554621848	0.2941176470588235	0.10924369747899154	0.10924369747899154	0.10924369747899154	0.10924369747899154	0.10924369747899154	0.10924369747899154	0.10924369747899154	0.11764705882352944	0.08403361344537819	0.05882352941176472	0.05882352941176472	0.05882352941176472	0.05882352941176472	0.05882352941176472	0.050420168067226934	0.22689075630252098	0.2100840336134454	0.2184873949579832	0.2184873949579832	0.22689075630252098	0.01680672268907568	0.22689075630252098	0.134453781512605	0.2184873949579832	0.2100840336134454	0.22689075630252098	0.2184873949579832	0.2184873949579832	0.2184873949579832	0.2100840336134454	0.2100840336134454	0.2100840336134454	0.2100840336134454	0.2100840336134454	0.2100840336134454	0.025210084033613467	0.025210084033613467	0.025210084033613467	0.025210084033613467	0.025210084033613467	0.025210084033613467	0.025210084033613467	0.025210084033613467	0.025210084033613467	0.025210084033613467	0.025210084033613467	0.025210084033613467	0.11764705882352944	0.1428571428571429	0.2184873949579832	0.2184873949579832	0.2100840336134454	0.2100840336134454	0.025210084033613467	0.025210084033613467	0.19327731092436973	0.008403361344537785	0.10084033613445376	0.2016806722689075	0.19327731092436973	0.2184873949579832	0.2100840336134454	0.2016806722689075	0.2100840336134454	0.2100840336134454	0.2100840336134454	0.2016806722689075	0.08403361344537819	0.11764705882352944	0.19327731092436973	0.19327731092436973	0.19327731092436973	0.19327731092436973	0.19327731092436973	0.19327731092436973	0.18487394957983194	0.0	0.0	0
7XCR_C:13-107	0.3025210084033614	0.3025210084033614	0.3025210084033614	0.3025210084033614	0.3025210084033614	0.25210084033613445	0.38655462184873945	0.23529411764705888	0.23529411764705888	0.15966386554621848	0.2941176470588235	0.10924369747899154	0.10924369747899154	0.10924369747899154	0.10924369747899154	0.10924369747899154	0.10924369747899154	0.10924369747899154	0.11764705882352944	0.08403361344537819	0.05882352941176472	0.05882352941176472	0.05882352941176472	0.05882352941176472	0.05882352941176472	0.050420168067226934	0.22689075630252098	0.2100840336134454	0.2184873949579832	0.2184873949579832	0.22689075630252098	0.01680672268907568	0.22689075630252098	0.134453781512605	0.2184873949579832	0.2100840336134454	0.22689075630252098	0.2184873949579832	0.2184873949579832	0.2184873949579832	0.2100840336134454	0.2100840336134454	0.2100840336134454	0.2100840336134454	0.2100840336134454	0.2100840336134454	0.025210084033613467	0.025210084033613467	0.025210084033613467	0.025210084033613467	0.025210084033613467	0.025210084033613467	0.025210084033613467	0.025210084033613467	0.025210084033613467	0.025210084033613467	0.025210084033613467	0.025210084033613467	0.11764705882352944	0.1428571428571429	0.2184873949579832	0.2184873949579832	0.2100840336134454	0.2100840336134454	0.025210084033613467	0.025210084033613467	0.19327731092436973	0.008403361344537785	0.10084033613445376	0.2016806722689075	0.19327731092436973	0.2184873949579832	0.2100840336134454	0.2016806722689075	0.2100840336134454	0.2100840336134454	0.2100840336134454	0.2016806722689075	0.08403361344537819	0.11764705882352944	0.19327731092436973	0.19327731092436973	0.19327731092436973	0.19327731092436973	0.19327731092436973	0.19327731092436973	0.18487394957983194	0.0	0.0	0.0	0
7XD1_C:14-108	0.3025210084033614	0.3025210084033614	0.3025210084033614	0.3025210084033614	0.3025210084033614	0.25210084033613445	0.38655462184873945	0.23529411764705888	0.23529411764705888	0.15966386554621848	0.2941176470588235	0.10924369747899154	0.10924369747899154	0.10924369747899154	0.10924369747899154	0.10924369747899154	0.10924369747899154	0.10924369747899154	0.11764705882352944	0.08403361344537819	0.05882352941176472	0.05882352941176472	0.05882352941176472	0.05882352941176472	0.05882352941176472	0.050420168067226934	0.22689075630252098	0.2100840336134454	0.2184873949579832	0.2184873949579832	0.22689075630252098	0.01680672268907568	0.22689075630252098	0.134453781512605	0.2184873949579832	0.2100840336134454	0.22689075630252098	0.2184873949579832	0.2184873949579832	0.2184873949579832	0.2100840336134454	0.2100840336134454	0.2100840336134454	0.2100840336134454	0.2100840336134454	0.2100840336134454	0.025210084033613467	0.025210084033613467	0.025210084033613467	0.025210084033613467	0.025210084033613467	0.025210084033613467	0.025210084033613467	0.025210084033613467	0.025210084033613467	0.025210084033613467	0.025210084033613467	0.025210084033613467	0.11764705882352944	0.1428571428571429	0.2184873949579832	0.2184873949579832	0.2100840336134454	0.2100840336134454	0.025210084033613467	0.025210084033613467	0.19327731092436973	0.008403361344537785	0.10084033613445376	0.2016806722689075	0.19327731092436973	0.2184873949579832	0.2100840336134454	0.2016806722689075	0.2100840336134454	0.2100840336134454	0.2100840336134454	0.2016806722689075	0.08403361344537819	0.11764705882352944	0.19327731092436973	0.19327731092436973	0.19327731092436973	0.19327731092436973	0.19327731092436973	0.19327731092436973	0.18487394957983194	0.0	0.0	0.0	0.0	0
6IQ4_C:10-104	0.3025210084033614	0.3025210084033614	0.3025210084033614	0.3025210084033614	0.3025210084033614	0.25210084033613445	0.38655462184873945	0.23529411764705888	0.23529411764705888	0.15966386554621848	0.2941176470588235	0.10924369747899154	0.10924369747899154	0.10924369747899154	0.10924369747899154	0.10924369747899154	0.10924369747899154	0.10924369747899154	0.11764705882352944	0.08403361344537819	0.05882352941176472	0.05882352941176472	0.05882352941176472	0.05882352941176472	0.05882352941176472	0.050420168067226934	0.22689075630252098	0.2100840336134454	0.2184873949579832	0.2184873949579832	0.22689075630252098	0.01680672268907568	0.22689075630252098	0.134453781512605	0.2184873949579832	0.2100840336134454	0.22689075630252098	0.2184873949579832	0.2184873949579832	0.2184873949579832	0.2100840336134454	0.2100840336134454	0.2100840336134454	0.2100840336134454	0.2100840336134454	0.2100840336134454	0.025210084033613467	0.025210084033613467	0.025210084033613467	0.025210084033613467	0.025210084033613467	0.025210084033613467	0.025210084033613467	0.025210084033613467	0.025210084033613467	0.025210084033613467	0.025210084033613467	0.025210084033613467	0.11764705882352944	0.1428571428571429	0.2184873949579832	0.2184873949579832	0.2100840336134454	0.2100840336134454	0.025210084033613467	0.025210084033613467	0.19327731092436973	0.008403361344537785	0.10084033613445376	0.2016806722689075	0.19327731092436973	0.2184873949579832	0.2100840336134454	0.2016806722689075	0.2100840336134454	0.2100840336134454	0.2100840336134454	0.2016806722689075	0.08403361344537819	0.11764705882352944	0.19327731092436973	0.19327731092436973	0.19327731092436973	0.19327731092436973	0.19327731092436973	0.19327731092436973	0.18487394957983194	0.0	0.0	0.0	0.0	0.0	0
6JXD_G:11-105	0.3025210084033614	0.3025210084033614	0.3025210084033614	0.3025210084033614	0.3025210084033614	0.25210084033613445	0.38655462184873945	0.23529411764705888	0.23529411764705888	0.15966386554621848	0.2941176470588235	0.10924369747899154	0.10924369747899154	0.10924369747899154	0.10924369747899154	0.10924369747899154	0.10924369747899154	0.10924369747899154	0.11764705882352944	0.08403361344537819	0.05882352941176472	0.05882352941176472	0.05882352941176472	0.05882352941176472	0.05882352941176472	0.050420168067226934	0.22689075630252098	0.2100840336134454	0.2184873949579832	0.2184873949579832	0.22689075630252098	0.01680672268907568	0.22689075630252098	0.134453781512605	0.2184873949579832	0.2100840336134454	0.22689075630252098	0.2184873949579832	0.2184873949579832	0.2184873949579832	0.2100840336134454	0.2100840336134454	0.2100840336134454	0.2100840336134454	0.2100840336134454	0.2100840336134454	0.025210084033613467	0.025210084033613467	0.025210084033613467	0.025210084033613467	0.025210084033613467	0.025210084033613467	0.025210084033613467	0.025210084033613467	0.025210084033613467	0.025210084033613467	0.025210084033613467	0.025210084033613467	0.11764705882352944	0.1428571428571429	0.2184873949579832	0.2184873949579832	0.2100840336134454	0.2100840336134454	0.025210084033613467	0.025210084033613467	0.19327731092436973	0.008403361344537785	0.10084033613445376	0.2016806722689075	0.19327731092436973	0.2184873949579832	0.2100840336134454	0.2016806722689075	0.2100840336134454	0.2100840336134454	0.2100840336134454	0.2016806722689075	0.08403361344537819	0.11764705882352944	0.19327731092436973	0.19327731092436973	0.19327731092436973	0.19327731092436973	0.19327731092436973	0.19327731092436973	0.18487394957983194	0.0	0.0	0.0	0.0	0.0	0.0	0
6JXD_C:12-106	0.3025210084033614	0.3025210084033614	0.3025210084033614	0.3025210084033614	0.3025210084033614	0.25210084033613445	0.38655462184873945	0.23529411764705888	0.23529411764705888	0.15966386554621848	0.2941176470588235	0.10924369747899154	0.10924369747899154	0.10924369747899154	0.10924369747899154	0.10924369747899154	0.10924369747899154	0.10924369747899154	0.11764705882352944	0.08403361344537819	0.05882352941176472	0.05882352941176472	0.05882352941176472	0.05882352941176472	0.05882352941176472	0.050420168067226934	0.22689075630252098	0.2100840336134454	0.2184873949579832	0.2184873949579832	0.22689075630252098	0.01680672268907568	0.22689075630252098	0.134453781512605	0.2184873949579832	0.2100840336134454	0.22689075630252098	0.2184873949579832	0.2184873949579832	0.2184873949579832	0.2100840336134454	0.2100840336134454	0.2100840336134454	0.2100840336134454	0.2100840336134454	0.2100840336134454	0.025210084033613467	0.025210084033613467	0.025210084033613467	0.025210084033613467	0.025210084033613467	0.025210084033613467	0.025210084033613467	0.025210084033613467	0.025210084033613467	0.025210084033613467	0.025210084033613467	0.025210084033613467	0.11764705882352944	0.1428571428571429	0.2184873949579832	0.2184873949579832	0.2100840336134454	0.2100840336134454	0.025210084033613467	0.025210084033613467	0.19327731092436973	0.008403361344537785	0.10084033613445376	0.2016806722689075	0.19327731092436973	0.2184873949579832	0.2100840336134454	0.2016806722689075	0.2100840336134454	0.2100840336134454	0.2100840336134454	0.2016806722689075	0.08403361344537819	0.11764705882352944	0.19327731092436973	0.19327731092436973	0.19327731092436973	0.19327731092436973	0.19327731092436973	0.19327731092436973	0.18487394957983194	0.0	0.0	0.0	0.0	0.0	0.0	0.0	0
6KE9_C:10-104	0.3025210084033614	0.3025210084033614	0.3025210084033614	0.3025210084033614	0.3025210084033614	0.25210084033613445	0.38655462184873945	0.23529411764705888	0.23529411764705888	0.15966386554621848	0.2941176470588235	0.10924369747899154	0.10924369747899154	0.10924369747899154	0.10924369747899154	0.10924369747899154	0.10924369747899154	0.10924369747899154	0.11764705882352944	0.08403361344537819	0.05882352941176472	0.05882352941176472	0.05882352941176472	0.05882352941176472	0.05882352941176472	0.050420168067226934	0.22689075630252098	0.2100840336134454	0.2184873949579832	0.2184873949579832	0.22689075630252098	0.01680672268907568	0.22689075630252098	0.134453781512605	0.2184873949579832	0.2100840336134454	0.22689075630252098	0.2184873949579832	0.2184873949579832	0.2184873949579832	0.2100840336134454	0.2100840336134454	0.2100840336134454	0.2100840336134454	0.2100840336134454	0.2100840336134454	0.025210084033613467	0.025210084033613467	0.025210084033613467	0.025210084033613467	0.025210084033613467	0.025210084033613467	0.025210084033613467	0.025210084033613467	0.025210084033613467	0.025210084033613467	0.025210084033613467	0.025210084033613467	0.11764705882352944	0.1428571428571429	0.2184873949579832	0.2184873949579832	0.2100840336134454	0.2100840336134454	0.025210084033613467	0.025210084033613467	0.19327731092436973	0.008403361344537785	0.10084033613445376	0.2016806722689075	0.19327731092436973	0.2184873949579832	0.2100840336134454	0.2016806722689075	0.2100840336134454	0.2100840336134454	0.2100840336134454	0.2016806722689075	0.08403361344537819	0.11764705882352944	0.19327731092436973	0.19327731092436973	0.19327731092436973	0.19327731092436973	0.19327731092436973	0.19327731092436973	0.18487394957983194	0.0	0.0	0.0	0.0	0.0	0.0	0.0	0.0	0
7CCQ_C:9-103	0.3025210084033614	0.3025210084033614	0.3025210084033614	0.3025210084033614	0.3025210084033614	0.25210084033613445	0.38655462184873945	0.23529411764705888	0.23529411764705888	0.15966386554621848	0.2941176470588235	0.10924369747899154	0.10924369747899154	0.10924369747899154	0.10924369747899154	0.10924369747899154	0.10924369747899154	0.10924369747899154	0.11764705882352944	0.08403361344537819	0.05882352941176472	0.05882352941176472	0.05882352941176472	0.05882352941176472	0.05882352941176472	0.050420168067226934	0.22689075630252098	0.2100840336134454	0.2184873949579832	0.2184873949579832	0.22689075630252098	0.01680672268907568	0.22689075630252098	0.134453781512605	0.2184873949579832	0.2100840336134454	0.22689075630252098	0.2184873949579832	0.2184873949579832	0.2184873949579832	0.2100840336134454	0.2100840336134454	0.2100840336134454	0.2100840336134454	0.2100840336134454	0.2100840336134454	0.025210084033613467	0.025210084033613467	0.025210084033613467	0.025210084033613467	0.025210084033613467	0.025210084033613467	0.025210084033613467	0.025210084033613467	0.025210084033613467	0.025210084033613467	0.025210084033613467	0.025210084033613467	0.11764705882352944	0.1428571428571429	0.2184873949579832	0.2184873949579832	0.2100840336134454	0.2100840336134454	0.025210084033613467	0.025210084033613467	0.19327731092436973	0.008403361344537785	0.10084033613445376	0.2016806722689075	0.19327731092436973	0.2184873949579832	0.2100840336134454	0.2016806722689075	0.2100840336134454	0.2100840336134454	0.2100840336134454	0.2016806722689075	0.08403361344537819	0.11764705882352944	0.19327731092436973	0.19327731092436973	0.19327731092436973	0.19327731092436973	0.19327731092436973	0.19327731092436973	0.18487394957983194	0.0	0.0	0.0	0.0	0.0	0.0	0.0	0.0	0.0	0
5VEY_A:112-194	0.33613445378151263	0.33613445378151263	0.33613445378151263	0.33613445378151263	0.33613445378151263	0.31092436974789917	0.47058823529411764	0.134453781512605	0.134453781512605	0.15966386554621848	0.3697478991596639	0.18487394957983194	0.18487394957983194	0.18487394957983194	0.18487394957983194	0.18487394957983194	0.18487394957983194	0.18487394957983194	0.17647058823529416	0.18487394957983194	0.15966386554621848	0.15966386554621848	0.15966386554621848	0.15966386554621848	0.15966386554621848	0.1512605042016807	0.32773109243697474	0.31092436974789917	0.31932773109243695	0.31932773109243695	0.31932773109243695	0.10924369747899154	0.31932773109243695	0.03361344537815125	0.31092436974789917	0.3025210084033614	0.31092436974789917	0.31092436974789917	0.31092436974789917	0.31092436974789917	0.3025210084033614	0.3025210084033614	0.3025210084033614	0.3025210084033614	0.3025210084033614	0.3025210084033614	0.11764705882352944	0.11764705882352944	0.11764705882352944	0.11764705882352944	0.11764705882352944	0.11764705882352944	0.11764705882352944	0.11764705882352944	0.11764705882352944	0.11764705882352944	0.11764705882352944	0.11764705882352944	0.01680672268907568	0.04201680672268904	0.31932773109243695	0.31932773109243695	0.31092436974789917	0.31092436974789917	0.12605042016806722	0.12605042016806722	0.2941176470588235	0.10924369747899154	0.01680672268907568	0.3025210084033614	0.2941176470588235	0.31932773109243695	0.31092436974789917	0.3025210084033614	0.31092436974789917	0.31092436974789917	0.31092436974789917	0.3025210084033614	0.050420168067226934	0.01680672268907568	0.2941176470588235	0.2941176470588235	0.2941176470588235	0.2941176470588235	0.2941176470588235	0.2941176470588235	0.2857142857142857	0.10084033613445376	0.10084033613445376	0.10084033613445376	0.10084033613445376	0.10084033613445376	0.10084033613445376	0.10084033613445376	0.10084033613445376	0.10084033613445376	0.10084033613445376	0
6JR1_C:5-121	0.5042016806722689	0.5042016806722689	0.5042016806722689	0.5042016806722689	0.5042016806722689	0.45378151260504207	0.31092436974789917	0.4369747899159664	0.4369747899159664	0.3613445378151261	0.23529411764705888	0.31092436974789917	0.31092436974789917	0.31092436974789917	0.31092436974789917	0.31092436974789917	0.31092436974789917	0.31092436974789917	0.31932773109243695	0.2857142857142857	0.26050420168067223	0.26050420168067223	0.26050420168067223	0.26050420168067223	0.26050420168067223	0.25210084033613445	0.07563025210084029	0.04201680672268904	0.0672268907563025	0.0672268907563025	0.0672268907563025	0.2184873949579832	0.0672268907563025	0.33613445378151263	0.05882352941176472	0.05882352941176472	0.0672268907563025	0.05882352941176472	0.05882352941176472	0.05882352941176472	0.050420168067226934	0.050420168067226934	0.050420168067226934	0.050420168067226934	0.050420168067226934	0.050420168067226934	0.22689075630252098	0.22689075630252098	0.22689075630252098	0.22689075630252098	0.22689075630252098	0.22689075630252098	0.22689075630252098	0.22689075630252098	0.22689075630252098	0.22689075630252098	0.22689075630252098	0.22689075630252098	0.31932773109243695	0.3445378151260504	0.0672268907563025	0.05882352941176472	0.050420168067226934	0.050420168067226934	0.22689075630252098	0.22689075630252098	0.025210084033613467	0.2100840336134454	0.3025210084033614	0.04201680672268904	0.03361344537815125	0.050420168067226934	0.04201680672268904	0.03361344537815125	0.05882352941176472	0.05882352941176472	0.050420168067226934	0.04201680672268904	0.2857142857142857	0.31932773109243695	0.025210084033613467	0.025210084033613467	0.025210084033613467	0.025210084033613467	0.025210084033613467	0.025210084033613467	0.01680672268907568	0.2016806722689075	0.2016806722689075	0.2016806722689075	0.2016806722689075	0.2016806722689075	0.2016806722689075	0.2016806722689075	0.2016806722689075	0.2016806722689075	0.2016806722689075	0.3025210084033614	0
6JR0_C:5-121	0.4957983193277311	0.4957983193277311	0.4957983193277311	0.4957983193277311	0.4957983193277311	0.4453781512605042	0.3025210084033614	0.4285714285714286	0.4285714285714286	0.3529411764705882	0.22689075630252098	0.3025210084033614	0.3025210084033614	0.3025210084033614	0.3025210084033614	0.3025210084033614	0.3025210084033614	0.3025210084033614	0.31092436974789917	0.2773109243697479	0.25210084033613445	0.25210084033613445	0.25210084033613445	0.25210084033613445	0.25210084033613445	0.24369747899159666	0.0672268907563025	0.03361344537815125	0.05882352941176472	0.05882352941176472	0.05882352941176472	0.2100840336134454	0.05882352941176472	0.32773109243697474	0.050420168067226934	0.050420168067226934	0.05882352941176472	0.050420168067226934	0.050420168067226934	0.050420168067226934	0.04201680672268904	0.04201680672268904	0.04201680672268904	0.04201680672268904	0.04201680672268904	0.04201680672268904	0.2184873949579832	0.2184873949579832	0.2184873949579832	0.2184873949579832	0.2184873949579832	0.2184873949579832	0.2184873949579832	0.2184873949579832	0.2184873949579832	0.2184873949579832	0.2184873949579832	0.2184873949579832	0.31092436974789917	0.33613445378151263	0.05882352941176472	0.050420168067226934	0.04201680672268904	0.04201680672268904	0.2184873949579832	0.2184873949579832	0.01680672268907568	0.2016806722689075	0.2941176470588235	0.03361344537815125	0.025210084033613467	0.04201680672268904	0.03361344537815125	0.025210084033613467	0.050420168067226934	0.050420168067226934	0.04201680672268904	0.03361344537815125	0.2773109243697479	0.31092436974789917	0.01680672268907568	0.01680672268907568	0.01680672268907568	0.01680672268907568	0.01680672268907568	0.01680672268907568	0.008403361344537785	0.19327731092436973	0.19327731092436973	0.19327731092436973	0.19327731092436973	0.19327731092436973	0.19327731092436973	0.19327731092436973	0.19327731092436973	0.19327731092436973	0.19327731092436973	0.2941176470588235	0.008403361344537785	0
	1F66_C:26-119	3WA9_C:29-122	4CAY_A:9-102	5FUG_A:8-101	3WAA_C:29-122	1U35_C:23-114	7KBD_C:1-118	6M2M_A:12-92	7BP2_A:12-92	7DLX_A:120-208	6UPH_C:16-133	4KUD_C:25-119	4WNN_A:25-119	7ON1_c:27-121	4JJN_C:24-118	1ID3_C:24-118	6QLD_g:9-103	5BT1_C:36-130	6QLD_i:9-102	6K00_D:111-205	6DZT_C:23-117	2NQB_C:22-116	5WCU_C:9-103	2PYO_C:22-116	4X23_C:8-102	3X1T_C:23-117	5GSU_C:1-117	5Z23_C:5-121	6K1I_C:4-121	6K1K_C:4-121	1ZLA_C:1-117	6MUO_C:11-105	6LTJ_C:1-118	6W4L_A:105-186	5OMX_C:1-117	7E8I_C:1-117	6G0L_C:1-118	4KGC_C:1-118	6FTX_C:1-118	6WKR_K:1-118	6W5I_I:4-120	1ZBB_C:1-117	3C1B_C:1-117	1M18_C:1-117	1S32_C:1-117	1KX3_C:1-117	6JMA_C:10-104	6IY2_C:15-109	6R1T_C:14-108	6FQ5_C:15-109	3KWQ_C:10-104	6UGM_C:12-106	5G2E_C:12-106	1AOI_C:20-114	7EA5_C:11-105	5MLU_C:10-104	6Z6P_C:8-102	6NZO_C:115-209	6K01_C:10-92	4KHA_B:13-92	5KGF_C:1-118	6SE0_G:1-118	6SE0_C:1-117	7JZV_N:5-121	6Y5E_G:13-107	6Y5E_C:13-107	5GT3_C:1-117	7EA8_C:10-104	6KBB_A:13-96	6C0W_C:1-118	7A08_b:1-117	7BG9_L:1-118	6R0C_C:1-118	6FML_O:1-117	7TRF_E:1-118	6KVD_C:4-121	1EQZ_A:1-118	2HIO_A:1-117	1HIO_A:9-95	2XQL_A:9-91	7COW_C:3-120	3A6N_C:4-121	2CV5_C:1-118	6T79_C:22-139	2RVQ_C:4-121	2F8N_K:20-137	3X1S_C:1-117	3W96_C:18-112	7LYA_C:13-107	6IPU_C:11-105	7XCR_C:13-107	7XD1_C:14-108	6IQ4_C:10-104	6JXD_G:11-105	6JXD_C:12-106	6KE9_C:10-104	7CCQ_C:9-103	5VEY_A:112-194	6JR1_C:5-121	6JR0_C:5-121
